0.5973078583714531
0.5593867548496905
0.334753144983513
0.41014455501605934
0.23126591890888643
0.19731746103540349
0.14387039231754942
0.13093067254270288
0.10957581682063244
0.13886780873076485
0.16665940738468843
0.11010459978374773
0.08124254194798944
0.03936251870687081
0.05363115928414444
0.042189836860290236
0.07382198768633409
0.07058407488862785
0.06589530751911017
0.06938398552468383
0.04429725254602681
0.044580972057410774
0.05324157333144494
0.04987847165870268
0.03569219923051313
0.06694716622006201
0.05082055344692616
0.06244131208761319
0.0406008586526808
0.04123198193235402
0.03431487529227446
0.035686796925858605
0.03366597468801709
0.03254587216542986
0.04494786332860604
0.04758405221124021
0.04840919770614414
0.02949540576026897
0.026854971682333056
0.026534725222779505
0.02736146601144227
0.025329120513288537
0.022393604361493114
0.010951854471537294
0.022830318817887746
0.0116472552849832
0.014876441858339808
0.011698503636357242
0.01187982635893119
0.01414640582622653
0.0066895141828377715
0.011772226288739312
0.008042201353975098
0.006749836134927172
0.005680855374111041
0.005860059963851787
0.005481748308108288
0.006691043369894404
0.005884987894577053
0.005627476528935659
0.0070092967266169376
0.0031409164780760754
0.004927682434180204
0.006077989008093229
0.005212399894116135
0.006230664162068043
0.006487574963298081
0.0049593362359297765
0.005853176428389848
0.005060967091464855
0.004021635894353956
0.006465218219605769
0.006827124171070221
0.005167107667486938
0.006953846677342883
0.0031449464090131086
0.0024984504616654946
0.005093274133770189
0.005062094761477758
0.0044030734175858595
0.004887454583163839
0.003461543497741641
0.0030698536495825
0.0030121942190957543
0.0034527172573576357
0.0015575511660744128
0.0007147958936609669
0.0010953123689719027
0.0006849277773142262
0.0007679138830116248
0.001005458176437149
0.0011475934779724885
0.0009078559766280702
0.0010337022114004848
0.0008609879129675673
0.0013154133695724162
0.0010420793428193064
0.0010482110672239663
0.0011406329291340372
0.0011212876587496496
0.0010885046011352732
0.0012764857210574624
0.0010238782793701225
0.0012503261141439217
0.0010977740942045412
0.000855184929073557
0.001578336787639496
0.001493463515259898
0.0011474492621467761
0.0016661990602222078
0.0013673546223231118
0.0009877345136909957
0.0008372388928734657
0.0008156986014745186
0.0006048995513280726
0.0007561416869280165
0.000575811947140074
0.00044602239888435547
0.0007267690506173525
0.000508136183930728
0.0005581616449574361
0.0006835752130236748
0.0004593016216723002
0.0006421223415645307
0.0005114465874856295
0.0005436104325464086
0.0005451578136229317
0.0005483032152244681
0.0007870900503242048
0.0004752505138336092
0.0006499560970737237
0.0006280471880306624
0.0006810473604240986
0.0007964649516236787
0.0005420022767653076
0.0006175874026588537
0.0007609167156076569
0.0006119935972341401
0.0006257366857969917
0.0007161153168949771
0.0005259699072442846
0.0005929982119878399
0.0003970679144989142
0.00039364189393716276
0.0004872405820157003
0.00034985970867066783
0.00046205274678535747
0.0004009050074757715
0.0003235512503519955
0.00027542441721999805
0.00038502910672068866
0.00043328404277395596
0.00032051654084901896
0.00033605509540383265
0.00042278023164073734
0.00039315437725931965
0.00035512884304748595
0.0004965148833046419
0.0002760074785952615
0.0003702507538334727
0.000396842559585939
0.0003123600065213426
0.00034314701563572023
0.00031371555576171226
0.00029503072493913753
0.0002391863718745816
0.0003723949564091269
0.00027820501060931243
0.00024491343850983156
0.0003711973584700922
0.00020086029404598678
0.0001954196081094742
0.0002300405193044196
0.00025690215642864303
0.0002606299292231653
0.00023081206595856318
0.00024177610173232468
0.0002926652979919466
0.00022639116386926359
0.00020995741330146557
0.00023008419085521802
0.00019122286948919015
0.00021179402337887372
0.00023652013579167138
0.0002315285559721791
0.00016647565304817434
0.00020093514529349394
0.0001982613985246802
0.00021627870439682465
0.00024889014626378666
0.00021661086719712672
0.00024789387237835375
0.0002372252396078151
0.00020128397089845377
0.00018854466624364268
0.00017465091491882719
0.00022148881978590484
0.00020197282388423853
0.00017994233132155945
0.00025441683603381063
0.0002413120083924272
0.00016420459266669373
0.00017191915190691706
0.00019959193409954632
0.0001889398588321055
0.00027194332575046444
0.0002999773362675996
0.00018827806955303423
0.00020786894547498934
0.0001375332824892593
0.00010670348550784062
0.00012387167122852053
0.00023488223552915372
0.00021040983526791896
0.0002551174165494392
0.00018486409703933777
0.00021599953417445687
0.00010530518259186457
0.00023822624031157925
0.00017695035095846288
0.00017429929751584263
0.00029310617048379837
0.00032881343492133583
0.00015610324412360923
0.00019888254830474785
0.00022202316716323674
0.0002670249750241207
0.00018466314050642196
0.0002136094553018038
0.00019477046336652723
0.0001887547273720328
0.00015609027397584733
0.0001754562552477199
0.00019624700452925984
0.00019931009752355394
0.00016916284863294003
0.00022710063770512708
0.00017288662893469073
0.0002321548948067216
0.00022173237180533252
0.00024255269893943158
0.0004192303469538519
0.00022209275687205989
0.00032848636081212504
0.00020384958153998414
0.000449682774207156
0.0001717356434131454
0.0002959826661726601
0.00015522105998548407
0.0005305330730800981
0.00016468841718297465
0.00018649488922165968
0.00018482283512526727
0.000381246032668994
0.0003091269357803773
0.0002713456439595365
0.00026684948026862103
0.0002834757825509433
0.00024655366328638697
0.0001848377960669596
0.00019323306162981083
0.00012982716064025455
0.0001296097885086075
2.216486223860087e-5
6.527733222958189e-5
0.00010564305686829297
7.486324480651526e-5
0.00010347134276593353
6.11592178474108e-5
0.00010306168248862508
6.710846363471044e-5
7.413396759189306e-5
7.561812797419775e-5
0.00010690161115932946
9.750081827684819e-5
8.821228270481785e-5
8.613625387493665e-5
9.254097752721666e-5
0.00014300642456825506
0.00010948130473180346
0.00014004282855906226
8.319389649748752e-5
0.00017707552433285497
0.00025520602773330356
0.0001575203806639225
0.00025774328920447314
0.00011701864032544783
0.0002873563721861134
0.0001453098363983904
0.00026314504046590504
0.00014250638527957312
0.0003002909577121754
9.564535518876934e-5
0.00021663433760317128
0.00012069876253271114
0.00018713821855222032
0.00024048934063606808
0.0001582743352279179
0.00022938721917487002
0.00015301185504908036
0.00022258726756211588
0.00016106893052810417
0.00011039538869035188
0.00018928327680857392
0.00015253589430727754
0.000160093656718687
6.318764982138574e-5
7.07366022650836e-5
0.0001655989927630798
8.858055038373828e-5
0.00015335705723873173
4.846725719323592e-5
8.788882215406063e-5
0.00011903763654394698
0.00013541167314076337
9.977707581809918e-5
7.776077007212553e-5
0.0001209515553095026
9.573624608180697e-5
6.809240190728364e-5
0.00019424028328414696
3.9813997268804734e-5
0.0001081739151727902
3.936032345242796e-5
6.705394153602099e-5
0.00011461880745606973
6.283807243806057e-5
6.073967803600709e-5
0.00013340456272728705
4.5343807499535475e-5
7.376311744544433e-5
8.196263897261062e-5
5.365074463466141e-5
6.877668468081697e-5
2.1508521029023445e-5
6.635124519875995e-5
9.068103212723368e-5
3.155905984246244e-5
4.374418711173868e-5
7.541589626592294e-5
4.3253714221766663e-5
2.7434746690989535e-5
7.323251199587048e-5
4.001343313718352e-5
6.645974232383995e-5
6.211866416640885e-5
3.2854879324795406e-5
7.79006172849396e-5
8.109975876798891e-5
3.785550380569125e-5
7.683084128599033e-5
9.80122136836749e-5
6.481586377325118e-5
3.494889080492091e-5
7.6427768069532e-5
6.635441260029277e-5
6.716218741933991e-5
2.0186120408786233e-5
0.00011197259207674769
4.333888183734831e-5
6.89269338943397e-5
2.9565807223013397e-5
3.171776937456774e-5
0.00013601578459145484
8.784676678589088e-5
2.41434630814e-5
4.8401720094033975e-5
7.42979578060881e-5
4.432187765354272e-5
5.523611465053246e-5
3.865055440068889e-5
4.8778110484096975e-5
7.434984382473237e-5
4.823380857704391e-5
7.670003625589064e-5
4.4635309952746936e-5
6.492346827430573e-5
5.621713375973698e-5
8.047509327258562e-5
7.839169345165356e-5
8.117858247290307e-5
4.126222657312777e-5
0.00010842578015254418
6.94713410550431e-5
8.605962016240487e-5
4.9171156794457776e-5
6.322000064708671e-5
6.423982270195493e-5
5.329252837562915e-5
0.00016799453653395488
0.00014202773650511896
6.041995467727443e-5
0.00021681184933609
0.0002019364049974562
2.4047404302809248e-5
1.4329058223812373e-5
