0.80398
0.5748766192574484
0.39988961926763145
0.44988312179015444
0.4585132644448328
0.43326049082492524
0.3857844893798619
0.328232485224574
0.27044703560411915
0.2318655276072046
0.24941131888603443
0.23386531857603043
0.19265737541491423
0.1544481226597694
0.13635608777801708
0.15269469710737027
0.16084204549894168
0.15861719864685853
0.1556061086252648
0.1676457559466658
0.1729440273047262
0.17196934293263857
0.16419612754724242
0.14979403457503956
0.12955584811187892
0.11974723308982868
0.12498239774452555
0.12874533195687404
0.12924623606598365
0.12632400908728644
0.12043895508175134
0.11241292958205926
0.10317574525913224
0.10298707888817384
0.10156789703257314
0.10863434481726826
0.11182449265713049
0.1113255604795369
0.10742799217434702
0.10052822588790702
0.09112239981423045
0.0797710463061849
0.07159940461182179
0.07437201838295694
0.07611126887831832
0.07676639357382518
0.07634781537436915
0.07489853608557952
0.07249182613803885
0.06922827684215468
0.06523203398048372
0.060650140920429516
0.05564528009200214
0.0512251692638203
0.05258740546512699
0.05348927539229443
0.05382684528620227
0.05357975487302905
0.05279660260543892
0.05157168512817074
0.05001882775301093
0.04826741694063205
0.04776025972224463
0.04978248758000884
0.051605092253597856
0.05309018554830739
0.054130031668014555
0.05465833678112291
0.05465270736459667
0.0541301469476174
0.0531490061200799
0.05179815691348429
0.050172583133728854
0.048356823196475635
0.04698487210842319
0.04766740910443471
0.04787962163364653
0.04760949342482217
0.046888200110323054
0.04577365490043534
0.04433274003688846
0.04262646639221561
0.04070061661865397
0.038582617617300995
0.03638244124672605
0.03616156807340626
0.03596068441752932
0.035503552907345075
0.03481334122198099
0.0339077132839322
0.032950657574015454
0.03278000962769186
0.03225232952569108
0.03138437760215829
0.030195879520223415
0.028707188553252945
0.02695287087541573
0.026732280676789053
0.027801045167595708
0.027786406792520896
0.02682529032698888
0.025175296223624948
0.02470040168431303
0.024991112118458177
0.0249066495401872
0.024801319869320305
0.02651418015320015
0.029989412101166565
0.0334936764218985
0.03671837139265209
0.039571704934331944
0.04196996383386064
0.04384581493725447
0.04509148028307991
0.045674814786880256
0.045629490828458304
0.04500880409165974
0.04395746830853059
0.044136533980274915
0.04373614821417678
0.04278662443773107
0.04136127671073803
0.041385132774028575
0.04130365694542063
0.04087339294215016
0.04066475033430275
0.040879862047050256
0.04120604297910342
0.042155558388500367
0.04314800808633338
0.043995016173286855
0.0446902841906377
0.04522562277410402
0.04559182483573597
0.045779518199327726
0.04577987443323047
0.04558512757217846
0.04518892052765715
0.04458653595429617
0.04377507607401708
0.042675572757180105
0.04113690481491893
0.03905033136293107
0.03638585397136858
0.03319852982600119
0.03199469874987708
0.03241731616013278
0.032385776219111886
0.03177090433277857
0.030497990325817275
0.028539678348148804
0.025923486115632343
0.022723139719766215
0.019045969594940707
0.01501928016281448
0.014124778894813556
0.013974432971124124
0.013361279649936532
0.013597343900752859
0.013874942214501383
0.014163050155564107
0.014564580231320602
0.015541237542866453
0.017997172257551455
0.020070503455605154
0.02178925894859789
0.023597250822928326
0.026094819051265976
0.02845647620569198
0.03061385804517652
0.03250951081099007
0.03409985070587941
0.035353573010036214
0.03625051542456033
0.0367806320058675
0.03704947389417198
0.037113585357540085
0.03700640168744295
0.03674087124379725
0.03631351051507519
0.03571179186676291
0.034922196902085145
0.03393699476259887
0.03275851358934181
0.0314005209957155
0.02988705602945533
0.028249532767784497
0.02652307721699172
0.02474296842221486
0.023452168411644117
0.022808170058777395
0.022012314398749313
0.02110503906912691
0.020125865896294517
0.019107436736884916
0.018896333379212937
0.018663023481314538
0.018401211389732833
0.01811095706149087
0.017742424655479896
0.017104248478068997
0.01620236306718078
0.015061404010395974
0.013724288486333785
0.012248570376722898
0.011824219839278161
0.011486540036172898
0.011132665028055738
0.010764183423260257
0.01038247628861166
0.009988523259420987
0.010297594663107442
0.010559898018133887
0.010732497745667282
0.010800052337919997
0.010752809705997596
0.010587187654209428
0.010305735401064194
0.009916551933982163
0.009432250518703268
0.00959543538568341
0.009808140371501756
0.00999753883136081
0.010163451719453787
0.010305956753967251
0.010425423640208648
0.01106720309554454
0.011738610202159223
0.012324096411644784
0.012821403944266035
0.013231917017412963
0.013560019255423312
0.013812280898198448
0.01399657220382857
0.014121244276497096
0.014194466135066003
0.014223748230071838
0.01434695969271952
0.01440653697480424
0.014449773544313118
0.014583409036177553
0.01463565922789403
0.014606656944085791
0.014500093788082185
0.014322249555608695
0.014080677890817565
0.013782880491462455
0.01343527060607344
0.013080145207052795
0.012905240607861706
0.012976514558952362
0.013028554074806829
0.013058595541606773
0.01306415757891507
0.013042882697429509
0.012992636822432305
0.012909030747844854
0.012784859948548203
0.012614078431315992
0.012392558873881987
0.012118161182746365
0.011790273532237262
0.011409146464361202
0.010975308958116096
0.010489263969852844
0.009951526754524145
0.009361842358735361
0.009278556915460043
0.00981641119679368
0.010294303733661183
0.010712668628704805
0.011072047667568113
0.011372863938158609
0.011614890686107123
0.011793618675692154
0.011905672366527542
0.01194999365675243
0.011928167079360962
0.011844028229007113
0.011702839265320014
0.011510349944708276
0.011272009257465392
0.01099248542693444
0.0106755302940879
0.010324141221815344
0.009940947981761941
0.009528703972386237
0.009329816463024174
0.009839250495581828
0.010553655666995329
0.011209579939579056
0.011801395987549727
0.01232435050389886
0.012774658684323188
0.013149577176951949
0.013447474424913298
0.013667894962536568
0.013811557474529435
0.013880384008216718
0.013877523100474203
0.01380729217705893
0.013675002967695951
0.013486661907028566
0.013248585899060797
0.012967066936076388
0.012711387223294719
0.012586826258631143
0.012420328690904222
0.012216111265966166
0.011978572097595987
0.011711503320077971
0.01141753265516529
0.01109791617909759
0.010752767190248532
0.010381457445610774
0.00998315054446497
0.00956230890111456
0.009246737576785223
0.008907492381968777
0.008544477973233182
0.00816625536689482
0.007777803203180764
0.007382839406320001
0.006984626628649862
0.00658661001929306
0.006252157054431258
0.006091744689457783
0.005930554949357373
0.005742391846358987
0.005448428885824024
0.005450060686641502
0.005381783032776686
0.00524836627879853
0.005054983030305625
0.00480724565971315
0.004649951812752811
0.00467059285253447
0.005206401061126596
0.005714644274787772
0.006194074780510595
0.006643267689478717
0.007060479331643652
0.007443601709713839
0.007790227280931228
0.008097816218403036
0.008363936806713835
0.008586533245758865
0.008764125854009843
0.008895952292427902
0.008982032757672941
0.009023163172542857
0.009020851195016145
0.00897721552728901
0.00889486954223449
0.008776806662427073
0.008882000067011304
0.00905637317243119
0.009200700596379612
0.009314713291394322
0.009397737033766666
0.0094487933581138
0.009466749135636018
0.009450467348147714
0.009398925149655029
0.009311249048586955
0.009186753468830102
0.00902498713325119
0.008825752843822235
0.008589123524660444
0.008344514154847655
0.008232923433746792
0.008098600821273394
0.007942333248889025
0.007765122599757481
0.007568115108369046
0.007352591034837644
0.007119878294533143
0.006871165636081977
0.006607473169632954
0.006329697437206251
0.006038593145121112
0.005734781608495118
0.005418881391065358
0.005091646949346438
0.004753797261253888
0.004406005424787508
0.004082678699285045
0.004117736934676314
0.004130176335533281
0.004425070727225427
0.004779978637841442
0.005099317150809739
0.00538137020717648
0.0056260546731523075
0.005834476541346951
0.006008379287168644
0.006294625716864576
0.0066749849260153695
0.007007003955385164
0.007291468205695245
0.007530708092014078
0.007728177321234873
0.007887796735099407
0.008013385744526655
0.008108253593278941
0.008174992888956855
0.008215462392903182
0.008230903053610026
0.008222113114876299
0.008189614517329125
0.008133765158054342
0.008054802414829972
0.00795283153309799
0.007827790847863067
0.0076794309434313895
0.007509404713857828
0.007695829751437154
0.007838364709061654
0.007936716938007165
0.007991856239769446
0.00800579307940745
0.00798127368259563
0.007921446570718848
0.007829548012685879
0.00770864229323735
0.007561441090831515
0.007390210599954836
0.0071967614791336645
0.006982505412692092
0.006748555241238425
0.0064958440041919
0.006225241092809396
0.005937650979840538
0.005634100108508471
0.005315781996423949
0.004984064577389627
0.004640470509457655
0.004286644143780615
0.003924318942804197
0.0035553253848906665
0.0034110988130294155
0.0032563115229708706
0.003366643309405038
0.0035305426675315615
0.003677343308418532
0.003804373571028424
0.003910305882128094
0.003994874880525497
0.004058477720650025
0.004101765823874758
0.004125312409933264
0.004129404593157775
0.00411397238620743
0.004135360736918817
0.0044029171702986225
0.004618118510196847
0.004779037276855245
0.004888603297540315
0.004953120110857433
0.004980639138051904
0.004979480641392948
0.0049570942366918315
0.004919346062118593
0.004998268059302594
0.005092969260572629
0.005152213278371974
0.005175461174080871
0.005163097312937133
0.005189833580423251
0.0052193535644448385
0.0052411989660144445
0.005254770174564114
0.005259254290733902
0.005253642756539978
0.005236780573542458
0.005207401014261285
0.005164159188117894
0.0051057215593695885
0.005030868211016928
0.004938581625369721
0.004842269178394277
0.004826819246522231
0.004799534658998557
0.004760572911599094
0.0047101032595383875
0.00464828680303466
0.004575221956136555
0.004490973421574358
0.004395580508099271
0.004289064459445132
0.004171435187456481
0.0040427032319191505
0.0039029004505755807
0.003932983270469552
0.004015782113155687
0.004080322680184625
0.004125737948878989
0.004151780211402415
0.004158757492896854
0.004147395372859369
0.0041186600138241715
0.0040735800214820785
0.004067584853217609
0.004100738114304241
0.004115583035801264
0.004112310478709638
0.004091011046961633
0.004051699406303407
0.00399437386000732
0.00409250995387871
0.004409733557557183
0.0047048052992934965
0.004975334477599855
0.005219461585864119
0.005435912247663141
0.005623989795995223
0.005783532757547235
0.005914899445266347
0.006018820962086833
0.006096216643770048
0.0061480194824016215
0.006175129064141787
0.0061783168647489934
0.006158189155064676
0.006115230800419275
0.006049892161916533
0.0059626869931491315
0.005854271657888738
0.005725481504165215
0.005577317474185696
0.005410893699297065
0.005227491832132608
0.005028606260486679
0.004815625411918173
0.00458969084393117
0.0043516718813933096
0.0041022540614424185
0.003943086427885907
0.0039324493167246875
0.003909211519640455
0.003873207955678027
0.003824332293994167
0.0037625797798479708
0.0036880751660800337
0.003601086120242144
0.0035020064962929696
0.003391321185082536
0.003269567848668065
0.0032760071835768964
0.003316029026916548
0.003345344043671897
0.0033641860053303645
0.003406848264634593
0.0034534083892164046
0.0034931029575565155
0.003526198953825602
0.0035526756888402157
0.0035722367355750244
0.0035843754901128933
0.003588464979689873
0.003583852285019417
0.0035699399836444604
0.0035462431046278044
0.003512417105779259
0.0034682587373859163
0.003413686230916957
0.0035543877431229716
0.0037075752879486864
0.0038487389098062763
0.0039773839400085685
0.00409312904363062
0.004195730885046901
0.004285092669513541
0.004361256253237565
0.004424380302110467
0.0044747088721583785
0.004512535607456748
0.004538169458144371
0.004551906155827043
0.004554009358772776
0.0045447027835372345
0.004524171894818054
0.004492573181178882
0.004450035575488401
0.004396682567790192
0.004332656486496909
0.004258133263801964
0.004173329230248667
0.004078498613679603
0.003973926348196474
0.003859878063531432
0.0037365478098087524
0.0036040700378819064
0.0034625625836398883
0.0033121798857204568
0.0031531520171875957
0.0031055037627430613
0.003190529420371254
0.0032598941148755264
0.0033134177681137175
0.0033513042767436664
0.003374024225197351
0.003396755772747015
0.0035568470178038557
0.003708266138102645
0.0038500621421777353
0.00398077219788908
0.004098562432993469
0.0042014439634627575
0.0042875136636467085
0.004355169692251491
0.0044032634617853575
0.004431168162936972
0.004438763868067292
0.004426355863502527
0.00439455327176801
0.004344137928668299
0.00427594962757838
0.004190805313501721
0.004089459314287684
0.003972601859492813
0.0038408859180450268
0.0036949687809210204
0.0035354940118144584
0.0034548734689567305
0.003630649693922769
0.0037934289489670414
0.003943027507346917
0.004079242479705897
0.0042017943292677095
0.0043102983209692336
0.004404264778901748
0.004483123750376787
0.0045462666027494564
0.004593095247087376
0.004623076179589736
0.004635842823650631
0.004631156018507673
0.004608892669994939
0.004569037774188396
0.004511683729272875
0.004437041970190434
0.004345499687596155
0.004237568154935456
0.0041138574011292724
0.003975056719870127
0.00382192427740166
0.003655284933375453
0.003476032992406395
0.003285134723632595
0.003083625717950839
0.002872600615946079
0.0026531948375465414
0.0025962889778724275
0.002718625702019774
0.002832833980361801
0.0029388490431087135
0.003036729377522402
0.003126653199952619
0.003208885995350444
0.003283729961988582
0.003351467051050274
0.003412307190454371
0.0034663508531513044
0.0035135712050221903
0.003553816664098173
0.0035868307832833384
0.0036122836466999284
0.0036298078026169743
0.0036390321272500694
0.0036396091170790346
0.003631233804497103
0.003613650448666091
0.0035866498200684193
0.0035500602589273304
0.0035037366155739867
0.003447550910942041
0.0033813874779477036
0.003305143832355042
0.0032187369880834708
0.0031221137272505963
0.0031628136704291423
0.003244543054798386
0.003315263652541029
0.0033751049522616327
0.003424247541075029
0.003462911522176003
0.0034913413174829625
0.003509788728313751
0.003518498236186777
0.0035176966746076972
0.0035075882444409166
0.0034883562285001088
0.003460158665946568
0.003423159511467229
0.003377542252105741
0.0033235217072417433
0.0032613489724494303
0.00319130943031747
0.0031137155792491868
0.003028897514399931
0.002937194037503443
0.002838946659501157
0.0027344972862834607
0.002624189218212027
0.0025083144596936115
0.002387099237258031
0.002260690189536925
0.0021529395043302607
0.0023403126981973226
0.0025241063823844474
0.0027035205153901113
0.00287712071158277
0.003042968646468862
0.003198850528543931
0.0033425516410114254
0.0034721185107287845
0.00358605933102989
0.003683450898984527
0.003763942571534527
0.0038276694010666635
0.003875102940483487
0.003906876537506166
0.003923618945249288
0.003925785499434745
0.003913609300402642
0.003887120878737048
0.0038462241681935403
0.0037907998580017453
0.003720806806308635
0.0036363588896127213
0.0035377653018422656
0.0034255334663328397
0.003300342568748685
0.0031630006239990534
0.0030143986459723235
0.0028554726701577925
0.0026871795829744452
0.0028165555818702175
0.0029441310819511356
0.0030590793069702176
0.003160173636573322
0.003246526397337744
0.0033176361100193353
0.0033733828830150837
0.003413977789788824
0.0034398797561530385
0.003451697375027582
0.0034500930015383627
0.0034357031677474744
0.003409135396675989
0.003370885661999779
0.0033213123615945003
0.0032629597596753714
0.0032002219756983794
0.003123470284613499
0.003033217446099674
0.0029300284005776044
0.00281450445866657
0.002687283598377007
0.002549053709128691
0.0024005726600644342
0.002245592467159194
0.0020875849377110702
0.001938542976095493
0.002037851427924467
0.002130950103424451
0.002218132972954305
0.0022997559560271673
0.0023761229158133224
0.0024474409927910277
0.0025137918456904864
0.0025751298360806862
0.002631302703404433
0.0026820857319635274
0.002727218969893436
0.0027664384983775445
0.002799496134050127
0.0028261659808132855
0.0028462399290984223
0.0028595166302958085
0.0028657901131298636
0.0028648432165039642
0.0028564452813584686
0.0028403562335106887
0.0028163362639793926
0.0027841594035951304
0.0027436562658751467
0.002694735019498174
0.0026373796917693137
0.0025716343077996713
0.0024975816365403448
0.0024153253117593547
0.002324981347834978
0.0023755129487600334
0.002427529021913533
0.002470964934459314
0.002505911211297358
0.0025325231130100506
0.0025510018453204584
0.0025615771865738087
0.0025644932461663865
0.002559999411363939
0.002548346820555504
0.002529789567346571
0.0025045877064974937
0.002473009874517443
0.0024353313649744914
0.0023918302539405857
0.0023427824480558596
0.002288456157332227
0.0022291066153097647
0.002170437294884894
0.0021224473901680593
0.0020707418472630224
0.0020154219735810503
0.0019566534748954923
0.0018946807745023149
0.0018297998138938848
0.0017623089162988107
0.0017577522593157297
0.0019034446511203014
0.0020439580096975555
0.0021774909275865968
0.002302152008041873
0.002416187487835017
0.002518171928835826
0.002607128532783495
0.002682563962001189
0.0027444218043886437
0.002792974674338893
0.002828684457155442
0.002852060694984289
0.002863545687425077
0.002863444440235288
0.00285190591845469
0.002828950717067974
0.0027945316731591533
0.0027485773069180473
0.002691069603085597
0.0026221180975739347
0.002542013120300004
0.0024512478383544156
0.002350505795818648
0.0022406188040671464
0.002122507543227623
0.001997119432222494
0.001914388287069344
0.0019175228841330685
0.0018947970953373337
0.0018681813206965095
0.0019682054803407036
0.002062111364312068
0.0021488165322886134
0.0022272910826293354
0.0022966442158531926
0.0023561937842183317
0.002405541240456771
0.0024454056791953505
0.0025185486552428394
0.0025822646081025426
0.002635858798670673
0.0026787455762526434
0.0027104692945642615
0.002730705197127895
0.0027392464781504917
0.002735986585688729
0.002720903271419796
0.002694048479859648
0.0026555452124586375
0.002605590065429665
0.002544458717265443
0.0024725115893974073
0.002390198655940102
0.0022980594882809433
0.00219671821614101
0.002086873936878065
0.001969287859269157
0.0018447688176154026
0.0017141586778404955
0.0017038299755404137
0.001734784832428943
0.0017617004878963953
0.0017845320229497974
0.0018032152559418742
0.001817681397590191
0.0018278841891879267
0.0018337869167457308
0.001848160996503684
0.001864060799738848
0.0018732568400561512
0.0018757253900175386
0.0018715115265365435
0.0018607182108105011
0.0018434947486486344
0.0018200264656265024
0.0017905243696362005
0.0017552170472290376
0.0017143455652156314
0.0016681572917431212
0.0016169025569523889
0.0015608316531278666
0.0015951116191941447
0.0016670508682658832
0.001732597392937392
0.0017914509598236502
0.001843312295922631
0.0018879120622940424
0.0019250387617988053
0.0019545605032958574
0.001976436749775016
0.0019907194381731355
0.0019975448375613254
0.0019971189307134603
0.001989699512358064
0.0019755787480002104
0.0019550685222216937
0.0019284898261676267
0.0018961663189584988
0.0018584213673648803
0.001815577232602509
0.0017679538331886577
0.0017223174767539275
0.0016957496451050502
0.00166597755273044
0.0016332811190751227
0.001597977274847324
0.0015603923411729361
0.0015208248967104488
0.0014795129756411825
0.0014366164846066848
0.0015018688742257972
0.0015831441931775621
0.0016568837982744709
0.0017218345971230533
0.0017771260247281665
0.001822318260823896
0.0018573730544208524
0.0018825634128732584
0.0018983486699079137
0.001905244581306958
0.0019037145151401642
0.0018940993436944475
0.0018765929016247148
0.0018512595018574261
0.0018188184719478832
0.0017819427824942533
0.0017368676580580696
0.0016847200605217797
0.0016265595854879082
0.0015633250065805494
0.0014958087321238931
0.0014246553942581846
0.0013503777867470686
0.0012733826045528652
0.0011939993358451202
0.0011125185876515085
0.0010292381678028715
0.0010634147822348294
0.0011402900486234707
0.001215244698750545
0.001283313451203521
0.0013394345549388705
0.0013792676635278165
0.0013998172822814868
0.0013997765312766673
0.0013795904215957247
0.0014106524602496434
0.001460712897215214
0.0015072204876701322
0.0015494111663845946
0.001586469495509466
0.0016176085178224147
0.001642151853277093
0.0016595994962957383
0.0016696644308052512
0.00169927782631807
0.001736879945573303
0.0017679234024966912
0.001791990572834887
0.001808716861509898
0.0018178211516313553
0.001819120943583455
0.0018125321598814821
0.0017980569720403225
0.0017757650452446788
0.0017457740740511349
0.001708234417438718
0.0016633207233055051
0.0016112311871986276
0.0015521930981516252
0.001486471992165891
0.001414381242527301
0.001336289223809135
0.0013211949769985582
0.001303828494283235
0.0012830264582005147
0.0012711027497449834
0.0012802035233921347
0.0012848875682598324
0.0012850497924368645
0.0012805843389268182
0.0012714546139133529
0.0012576922169517096
0.001239392378534223
0.0012166975339836167
0.0011897735635500388
0.0011587850436086272
0.0011238756418579696
0.0010851579721236032
0.0010427143777292985
0.0009966075208235584
0.0009468974462878139
0.0009728255470674081
0.0010286934802772867
0.0010801843199171352
0.0011273677652118563
0.0011702662294970614
0.0012088423669461572
0.0012429999269253584
0.0012725962810098258
0.0012974630810352716
0.0013174305978420362
0.0013323513432289362
0.0013421194170217905
0.0013466833593827525
0.001346051791643882
0.0013402924873574015
0.0013295264980634845
0.0013139183898073776
0.0012936654366131686
0.0012749419804302794
0.0012618713118132342
0.0012445589700943473
0.0012233118029369666
0.0011984603608919155
0.0011703752153045255
0.0011394520370369347
0.0011544903270721827
0.0012049411038181372
0.0012530301933229536
0.0012979441049044479
0.0013386948250976656
0.001374250230141414
0.0014036682705945343
0.0014262076318838613
0.0014413955920384585
0.001449045114324103
0.001449224763342158
0.0014421941745621748
0.001428322869929049
0.0014080107252179151
0.001381624987683694
0.0013494627914703156
0.0013117413756565056
0.0012686122307670434
0.0012201913056111393
0.0011665957023387185
0.0011079778698790685
0.0010445506042676914
0.0009765993606291273
0.0009044816332315654
0.0008286157993586369
0.0007547653898017346
0.000686192575959485
0.0006170146647479652
0.0005784094174674015
0.0005684592048283929
0.0005676397572420756
0.0005963650321012902
0.0006107563057345486
0.0006104292530804916
0.0006325820113997645
0.0006944499330221688
0.0007564572798279116
0.0008134842761615773
0.0008605028363382469
0.0008933994070080226
0.0009095577977571423
0.0009081265536940755
0.0008899714071598929
0.0008573738381330648
0.0008786065817425728
0.0009051032461191394
0.000929096166004375
0.0009500015019993023
0.0009672459742179202
0.0009803233883169647
0.000988845161793128
0.0009947640353230023
0.0010119294252977054
0.001029674732471358
0.0010454685282442798
0.001058190218239565
0.0010680910561297824
0.0010753849571233263
0.0010802331322559598
0.0010827386704546416
0.0010829504805086902
0.0010808744539406961
0.0010764887682223484
0.0010697600134345559
0.0010606572292984624
0.0010491618113742185
0.0010352723513179104
0.0010190045750479713
0.00100038743227856
0.0009794569400128437
0.0009562495446367044
0.0009307966157631415
0.0009031211475674512
0.0008732371697837071
0.0008411672502029398
0.0008069470643940739
0.0007706043997544182
0.0007321592404326313
0.000711774090473321
0.0006906971293547006
0.0006672271416444154
0.000641407808013139
0.0006132614948276266
0.0005827851473287979
0.0005535021302250423
0.0005652970187042728
0.0005747257438866781
0.0005817990181298121
0.0006108647598325335
0.0006429253915554576
0.0006723458745004204
0.0006992148269464992
0.0007275807706515874
0.0007528634793043243
0.0007804233459773928
0.0008074613841893843
0.0008305472783841788
0.0008496921135045755
0.0008648997104838702
0.0008761699683380281
0.0008835070697253563
0.0008869295594431825
0.0008864795427958182
0.0008822290951864389
0.0008742830596268546
0.0008627877380575368
0.000847951420463557
0.0008606823683158107
0.0009027721378906505
0.0009431456832193966
0.0009813309231290076
0.0010166515884180596
0.0010483058342660113
0.0010754698951742192
0.0010974038755988107
0.0011135384583620962
0.0011235276132264534
0.0011272612031932928
0.0011248403493368318
0.001116525498859694
0.001102671074640862
0.0010836610097237872
0.0010598568835244334
0.0010315658507737279
0.0009990303703962876
0.0009624371004069165
0.0009219390832199833
0.000877683901229404
0.0008298407720722583
0.0007786211760694923
0.0007242899840573637
0.0006671665305659671
0.0006076171384076716
0.0005460429943153355
0.00048287814550967577
0.0004185731056798922
0.00040395497523406504
0.00040625147898438373
0.00040587233070741793
0.00040272917030511804
0.0003969518054672417
0.0004295324270946388
0.0004623962543101658
0.000491574921203437
0.0005170729548116332
0.0005388592147536524
0.0005568070212899381
0.000570724333964217
0.0005804078017754163
0.0005857016683405529
0.0005865470787550581
0.0005830126679782487
0.0005753029150028799
0.0005637456700501526
0.0005487642596008226
0.0005308414291741921
0.0005364830191631831
0.0005479878655429622
0.0005628432335849512
0.0005760003121166641
0.0005876882302346708
0.0005981258431887049
0.0006075103942178822
0.0006160071060743842
0.0006237410974258331
0.0006307928104204966
0.0006371976121473241
0.0006429495194100848
0.0006480082713505069
0.0006523084155778317
0.0006557688090324719
0.0006583010137336268
0.0006598154528859349
0.0006602247781220896
0.0006594445401926278
0.0006573918097410054
0.0006539827521328784
0.0006491302658511958
0.0006427426687246819
0.0006347240911652088
0.0006249767577034032
0.0006134049228566489
0.0005999199006994048
0.0005844454574136668
0.0005669230637122883
0.0005473168384491942
0.0005256353235841374
0.0005070229132541892
0.0004900560653011181
0.00047133914513597543
0.00045625956335160287
0.0004608504277983296
0.00046364825111570596
0.0004646888098095371
0.0004880245550932592
0.0005160539642244286
0.0005432231672907826
0.0005692932916830047
0.0005939543842206228
0.0006168431313855315
0.0006375722192164693
0.000655764819699817
0.000671087039457585
0.0006829517381312736
0.0006907817904642764
0.0006942438444624364
0.0006932892399047409
0.0006881165386305201
0.0006790823818471669
0.0006665943633992999
0.0006510168301551411
0.0006131442839856446
0.0006068601530233607
0.0006075546075840462
0.0006058032585300946
0.0006016768771923949
0.0005952832427434989
0.0005867554689622628
0.0005762341013432012
0.0005943559265463555
0.0006157502524565655
0.0006346910436041776
0.0006505642301502879
0.0006628069184421747
0.0006709810341854783
0.0006748284045560957
0.0006742963800145351
0.0006721538386408268
0.0006696949655700026
0.000662661266172085
0.0006509193108194771
0.0006344639299567146
0.0006134526566660182
0.0005882168866455218
0.0005592472658024055
0.0005271567422051385
0.0004929407588038003
0.000457461131819315
0.00042120345215463566
0.0003845620661551413
0.0003484930496226815
0.0003119530988277233
0.0002922925025001
0.0002907898956458094
0.00029056039257395613
0.00029886280738436325
0.0003319529847677537
0.0003640565908433382
0.000393007628218687
0.00041849083650033627
0.0004403368702313005
0.0004584826572921554
0.0004729298463870166
0.00048371103244668006
0.0004908691733503679
0.0004944512885972619
0.0004945140655212714
0.0004911368925475966
0.00048443718396466284
0.0004745834245067056
0.0004618027207756611
0.0004463813340582191
0.00042865825275931267
0.00040901303774377524
0.0003878498463490401
0.00037334299076163325
0.00038949486047778375
0.0004023128496095486
0.0004116947403020956
0.00041762200503618244
0.00042015527082375423
0.0004194262594053044
0.00041562718787770266
0.00040899843267913394
0.0003998151271958409
0.0003883733312213143
0.0003749764622462747
0.00035992274999344776
0.00034349448989868256
0.0003388649143233133
0.00033975184327019185
0.00034627416045822737
0.0003516862240580603
0.00035588848994018283
0.00035881823620096325
0.00036044644527657125
0.00036077114219306566
0.0003598090007941218
0.0003575843390569431
0.000354111895120038
0.00034941626468674037
0.0003435303989773761
0.00033649593501327603
0.0003283615132345336
0.00031917964662569673
0.00030899587542220023
0.00029784421374042127
0.0002918990798251193
0.00030974484216284313
0.0003350199117269515
0.0003601353431737783
0.0003847229763171871
0.0004083704321851629
0.0004306610347758481
0.0004512132414293016
0.0004697119914917849
0.00048592676404475555
0.0004997144146412038
0.0005110081922707233
0.0005197969754434921
0.0005261002213204284
0.0005299442353839178
0.0005313442997105183
0.0005302953388899047
0.0005267716604510147
0.0005207343729183404
0.0005121437318859542
0.0005009462114205448
0.0004870649334554433
0.0004704936321391871
0.00045131265971358865
0.00041657155933876575
0.0003498242579077455
0.0002821624106062512
0.00028254930986113913
0.00028199311266909147
0.000281981743810412
0.0002908018982310804
0.0002990078354579648
0.00030645369168062476
0.0003128685135136805
0.00031790349644148923
0.0003230911461769421
0.0003276844971793138
0.0003304650075737674
0.0003313837669463872
0.00033035791247538993
0.00032727619004316674
0.00032202126328463457
0.00031450238637171303
0.0003046898015765917
0.000292817988312471
0.00027984015180697417
0.0002659187193310193
0.0002555754802681173
0.0002567252458792922
0.0002553645591948405
0.00025161807666163825
0.0002458716592427222
0.00023865970823400815
0.00024860035063262165
0.0002731691994527357
0.000296793472131664
0.0003185961526916146
0.0003379481620572589
0.00035450946141159153
0.0003682073466996183
0.00037917066885174896
0.00038764299296282514
0.00039389652381616094
0.00039816346945885475
0.00040059431566767065
0.00040124511737220034
0.00040008984360583537
0.00039704990407030024
0.00039203147479528554
0.00038496184324913465
0.0003758180874451722
0.00036464423445078286
0.0003515559046519808
0.0003367338053357394
0.0003204089890673605
0.0003028434673783323
0.00028430967905566777
0.000265071676924242
0.0002453699772015748
0.00023768657392999465
0.0002329646463753537
0.00022640469397690766
0.00021815553187032842
0.00020839611464258027
0.00019732456052475587
0.00018514785762885965
0.00017230528221038837
0.0001774785092772676
0.0001820080693622933
0.00018587082332910973
0.0001890487815386118
0.00019153065132143803
0.0001933125531800696
0.000194398042660697
0.00019479757970296792
0.00019590282162269183
0.0001984612005200301
0.00019983600945908751
0.00020005509276597712
0.00019915504701303177
0.0001974424624418032
0.00019734353812376733
0.00020542052241364226
0.00022229150728223814
0.00023881304255535946
0.0002550226654605082
0.00027095870315065897
0.00028663157309881626
0.0003019992416241722
0.00031695334620826564
0.0003313194362610093
0.0003448711528808136
0.00035735488949580735
0.0003685193230247831
0.0003781435673127196
0.0003860585468817059
0.0003921581425689059
0.0003963991397773671
0.00039879139521799305
0.0003993814196060332
0.00039823345067506157
0.0003954120052127929
0.0003909690102867759
0.0003849372297936003
0.000377330187269777
0.00036814747300253854
0.00035738344928426205
0.00034503703772885435
0.00033112046171400325
0.0003156653970662353
0.0002987257691018736
0.0002803772288158163
0.00026071398305790465
0.0002398440411064889
0.00021788404169783925
0.00019480766107025905
0.0001576975707717541
0.0001436292328321565
0.00013947172142361012
0.0001380789464808202
0.00013951509212064965
0.00014250379566373896
0.00014743135229763419
0.00015181459518914152
0.00015563920364162505
0.0001589022307579923
0.0001616113078180443
0.0001637823617802024
0.00016543641248146614
0.000166596127013678
0.00016728275908714686
0.0001755071792470442
0.00019334338031640842
0.00020901622884295817
0.00022318741924236195
0.00023647968359184366
0.00024935498040561723
0.0002620538244032361
0.0002745934939450855
0.0002868115837267501
0.0002984354600026468
0.0003091575789787403
0.00031870022235984933
0.0003268592676814479
0.0003335233237852104
0.000338670400993664
0.0003423482712812498
0.0003446464423546622
0.00034566740569397665
0.0003455030650413633
0.000344219741833759
0.00034185258874392066
0.0003384081613003663
0.00033387260347141003
0.000328222458300524
0.0003214353881198909
0.000313498833222886
0.0003044155720789267
0.0002942060243210294
0.0002829077930941793
0.00027057330240691724
0.0002572664602097087
0.00024305913996985185
0.00022802802032886754
0.00021225204873825547
0.00019581057120849374
0.00018723119076695982
0.00018561257422986942
0.00018324251007029602
0.0001801125467744385
0.0001762184199484206
0.00017156325529657388
0.00016615988614297132
0.00016003200407937229
0.00016064768714617057
0.00016278625575894123
0.00016402706473424273
0.0001643411381885837
0.00016370479196289764
0.00016210077500037516
0.00016023231372489557
0.0001594799377581052
0.00015822168931467373
0.0001564605254530064
0.00015579742250092956
0.00016736515595509947
0.00018342169066360976
0.00019912378234487738
0.0002143525325377005
0.00022894171359414526
0.00024269775198246306
0.00025542508094159543
0.00026695126739538163
0.0002771468328815731
0.00028593629097494535
0.000293299119169474
0.00029926160564504686
0.00030388226515131486
0.0003072344807939196
0.00030939009780565327
0.0003104069799951384
0.00031032230297568174
0.0003091519374919745
0.00030689499693617217
0.0003035417312536283
0.0002991089189076307
0.0002936114087349646
0.00028705382283689026
0.0002794441075234173
0.00027079876487901043
0.0002611500960825084
0.00025054668116197354
0.00023905162332052673
0.0002267476813354509
0.00021373225836612608
0.00020010952322419484
0.0001859838281454426
0.00017145289789778645
0.00015660262086283227
0.00014150428011982637
0.0001262145107949694
0.00011359769989108768
0.00011362612206810284
0.00011353736700640412
0.00011600791478299445
0.00012025414571668623
0.00012416283895886026
0.000127732751224031
0.0001309615149697291
0.00013384590411132062
0.00013638234668566414
0.00013856743232779152
0.00014039821205114535
0.00014187219728109822
0.0001429870899856432
0.000143740375338405
0.00014412895510634955
0.00014414898588303526
0.0001437960221415274
0.0001466626352532324
0.00015757299870682647
0.00016796164432166598
0.00017779717401087333
0.00018704537415452311
0.00019567055802643935
0.00020363697309819882
0.00021091007811241652
0.0002174575606782694
0.00022325004158422552
0.0002282614812214703
0.00023246935479990182
0.00023585469023025294
0.00023840206515604148
0.00024009964189795741
0.000240939288334255
0.0002409167973809822
0.0002400321854332208
0.00023829002652928007
0.00023569976704475317
0.0002322759676767232
0.00022803842806544685
0.00022301216346268078
0.00021722722023573076
0.00021071833470880878
0.0002035244556257554
0.00019568816250795456
0.0001872550191174488
0.00017827290258991756
0.00016879134508907608
0.00015886091678390862
0.00014853266830357052
0.0001378576397893907
0.00013856568798146504
0.00013951246039336195
0.0001396831816268899
0.0001390695954517099
0.00013766926038363
0.0001354855651350188
0.0001325276791338263
0.00012118408612036333
0.00010882933019091596
0.00010943043605586182
0.00010975940722458204
0.0001098164792631249
0.00010960285735694358
0.0001091207171646061
0.00010837314821139105
0.0001082951133360068
0.00011090911589601818
0.00011320811764550538
0.00011518591022606573
0.00011954709325308868
0.00012771980145722314
0.0001354211758261164
0.00014262642717135702
0.00014931174287659656
0.00015545440219759196
0.00016103314428555447
0.00016602870532115077
0.0001704243933363046
0.00017420655775240372
0.00017736483703044702
0.00017989207208662133
0.0001817837584864226
0.00018303762840419886
0.00018365325686673062
0.00018363176444378146
0.00018297562236008555
0.00018187938903735097
0.00018157582541474326
0.00018049836121941667
0.00017868932784972165
0.00017621642819237523
0.0001731616826717487
0.00016960899835508948
0.00016563292860922473
0.00016129068422097314
0.00015661857266119998
0.00015163301404479758
0.0001463353451143915
0.0001407189609194345
0.00013477705963401893
0.00012850935825614866
0.00012192656356524776
0.00011505198679841408
0.00010865146542635487
0.0001092099926165535
0.0001094208644462786
0.00010926613142974469
0.0001087281446523736
0.00010779107248926136
0.00010644246057365797
0.00010467456560338332
0.00010248525445652889
9.987835655791985e-5
9.686346603094482e-5
9.345528023162305e-5
8.96726204071079e-5
8.553731318421628e-5
8.223329596624203e-5
8.457682099560322e-5
9.393961845559752e-5
0.00010321500908211846
0.00011211322350537095
0.00012060028521525237
0.00012864337344655868
0.00013621104178281854
0.00014327350334124048
0.00014980295277413505
0.00015577388811085856
0.0001611633954919739
0.0001659513666451115
0.0001701206307853535
0.0001736569969601819
0.0001765492168174711
0.00017878888877990583
0.00018037033080441387
0.0001812904495567046
0.00018154862924548473
0.00018114665481353616
0.00018008867367896362
0.00017838118998271229
0.0001760330773608679
0.00017305559201207635
0.00016946236782204504
0.00016526937914888875
0.00016049486343838496
0.00015515920350774495
0.00014928477642375137
0.0001428957809960272
0.00013601805829802744
0.0001286789188766048
0.00012201529103086243
0.00011931492921001174
0.0001163086074985054
0.00011301404745573033
0.00010944913103295874
0.00010563172861098691
0.00010157952107639388
0.00010067795577710272
0.00010124600016145189
0.00010154904792907674
0.00010158579188460635
0.0001013551605899481
0.00010085623999993035
0.0001000883535583873
9.905223008246923e-5
9.775070438906284e-5
9.62212565146425e-5
9.819053851633995e-5
9.983495600216413e-5
0.00010115718692609198
0.00010216201555637046
0.00010285448128969285
0.000103238422847189
0.00010331564335945829
0.00010834244542108576
0.0001159501025153853
0.00012313399890427105
0.00012986962573495556
0.00013613363283550685
0.00014190387935738563
0.00014715982295393726
0.00015188301468025886
0.00015605759750280431
0.00015967066470687986
0.00016271236568027428
0.00016517571628243638
0.00016705615584738373
0.0001683509659137762
0.00016905870522061902
0.00016917881076280048
0.00016871146859740317
0.00016765778502033068
0.00016602020968149188
0.0001638030984681023
0.00016101327139652976
0.00015766042592126956
0.00015375730544990452
0.00014931958450760854
0.0001443654993420918
0.00013891530915549686
0.00013299070595374182
0.00012661429431545337
0.00011980923779413172
0.00011259912416524346
0.00010500804917240409
9.72486423020165e-5
9.600543624208407e-5
9.452062354439748e-5
9.281066619028463e-5
9.12903421325068e-5
9.346737757673964e-5
9.529574739482695e-5
9.67684396562957e-5
9.788217909695867e-5
9.863704656120084e-5
9.903586301660051e-5
9.97458156095771e-5
0.00010014413412259679
0.00010011986909591841
9.967708273379491e-5
9.882748131842238e-5
9.758831072662854e-5
9.598049790292024e-5
9.402633227547421e-5
9.4041289159507e-5
9.598262006564971e-5
9.778605439394795e-5
0.0001032059812229855
0.0001103060207824905
0.00011697621438554779
0.0001231920805102318
0.00012893129037694576
0.0001341737295812876
0.00013890152362995301
0.0001430990428867657
0.00014675290125899245
0.00014985195907707045
0.00015238733529340722
0.0001543524287392045
0.0001557429436771071
0.0001565569121656979
0.0001567947050734169
0.00015645902478205858
0.0001555548751644114
0.00015408950757170114
0.00015207234458516233
0.00014951488557291104
0.00014643059931339548
0.0001428348090561779
0.00013874457458927882
0.00013417857453818787
0.00012915699064843365
0.00012370139456133306
0.00011783463680203535
0.0001115807374306359
0.00010496477796978341
9.801279463683623e-5
9.075167335987446e-5
8.320904735481629e-5
7.935992407826772e-5
7.897326725923164e-5
7.832793347657507e-5
7.742941684974744e-5
7.628403111937699e-5
7.489884967768214e-5
7.328164548153185e-5
7.445154303444938e-5
7.61432054459365e-5
7.761115410250276e-5
7.884976696601137e-5
7.985408289236811e-5
8.061985530535189e-5
8.114358779086214e-5
8.142255623862129e-5
8.14548250534086e-5
8.123926561999548e-5
8.144130435940871e-5
8.57805764199112e-5
8.979181387366702e-5
9.346749491824578e-5
9.680380932367682e-5
0.00010041961404655999
0.00010602734518883836
0.00011123654294766167
0.0001160302115372565
0.00012039289297298114
0.0001243107311909233
0.00012777152485953384
0.00013076476890044324
0.00013328168571478895
0.00013531524774000112
0.00013686019312992366
0.00013791303606591954
0.0001384720725745455
0.0001385373819319279
0.00013811082299054007
0.00013719602424036708
0.0001357983662460258
0.00013392495529423947
0.000131584587594011
0.00012878770406772597
0.00012554633648690196
0.00012187404629594783
0.00011778585781497313
0.0001132981875002627
0.00010842877068058825
0.00010319658677753335
9.762178356839643e-5
9.172560064480662e-5
8.553029190984524e-5
7.905904675249699e-5
7.233590944059917e-5
6.538569626857826e-5
5.823391008307457e-5
5.412284745038837e-5
5.512709010614553e-5
5.730218562494681e-5
5.930042710702709e-5
6.111559352275086e-5
6.274218388861412e-5
6.417550048968058e-5
6.541169435427254e-5
6.644776439370608e-5
6.728151228335966e-5
6.791146493364988e-5
6.833678291476656e-5
6.855717506748559e-5
6.857283660012023e-5
6.838442125822301e-5
6.79930495037446e-5
6.802967717293134e-5
7.422052661523908e-5
8.012111126739736e-5
8.571155347091854e-5
9.097318591817094e-5
9.588862279579824e-5
0.00010044182365567749
0.00010461814979342084
0.00010840441354108804
0.0001117889211844753
0.00011476151017439093
0.00011731358090810322
0.00011943812279617235
0.00012112973382091178
0.000122384632648592
0.00012320066244239257
0.00012357728594881572
0.00012351557202065126
0.0001230181743279824
0.00012208930338713288
0.00012073469310123015
0.00011896156273456609
0.00011677857473839862
0.0001141957882949448
0.00011122460803894552
0.00010787772732260756
0.00010416906565106112
0.00010011370049438776
9.572779440207761e-5
9.102851900740214e-5
8.85625516366178e-5
8.667119748487945e-5
8.443183191951959e-5
8.185137441190452e-5
7.894013182139928e-5
7.571073373841011e-5
7.217731030489163e-5
6.835502573803279e-5
6.4259980672977e-5
5.990941213631673e-5
5.532206536461205e-5
5.051859214904435e-5
4.869755038965516e-5
5.064021242589173e-5
5.241129863806134e-5
5.400566795380296e-5
5.541883092045463e-5
5.6646994509110446e-5
5.768709789929961e-5
5.8536834691413647e-5
5.919465943419501e-5
5.965977894572499e-5
5.996465818882961e-5
6.14323055945065e-5
6.60291250170348e-5
7.12624200609798e-5
7.622760476583744e-5
8.090829304312203e-5
8.52891184034452e-5
8.93557879725147e-5
9.309512929432666e-5
9.649513078175973e-5
9.954497748076778e-5
0.00010223508412564833
0.00010455712719566926
0.00010650407692518093
0.00010807022916447608
0.00010925123591595522
0.00011004413255097835
0.00011044735934663952
0.00011046077514826426
0.00011008566160773016
0.00010932471739873728
0.00010818204283987964
0.0001066631162156306
0.00010477476359854523
0.00010252512399191247
9.992361125199846e-5
9.698087363342924e-5
9.370875112159125e-5
9.012023012258333e-5
8.622939470049964e-5
8.205137342840725e-5
7.760228105493267e-5
7.289915451667317e-5
6.795988328368298e-5
6.280313450957792e-5
5.7448273893472196e-5
5.290125206715213e-5
5.1062614847455535e-5
5.07205996011579e-5
5.0236534318087827e-5
4.961299695151648e-5
4.885311803497567e-5
4.796061639654336e-5
4.6939821494936155e-5
4.579567430265183e-5
4.4533703055079935e-5
4.315997768766092e-5
4.255813738916381e-5
4.248196016426327e-5
4.2971924426601666e-5
4.583511123448727e-5
4.857581413853354e-5
5.118668135350045e-5
5.366048939066171e-5
5.599004171742035e-5
5.870513142669672e-5
6.336736788483877e-5
6.77858876995594e-5
7.19465066728189e-5
7.583600347687174e-5
7.94421548274103e-5
8.275376931943904e-5
8.576071991072591e-5
8.845397454483275e-5
9.08256240335464e-5
9.286890615884023e-5
9.457822504164842e-5
9.594916514446619e-5
9.697849973209355e-5
9.766419408782111e-5
9.800540415624132e-5
9.800247148540999e-5
9.765691544948929e-5
9.697142350956999e-5
9.594983979324623e-5
9.459715166317649e-5
9.291947339807666e-5
9.092402582137878e-5
8.861911080152143e-5
8.601408001198394e-5
8.31192980426593e-5
7.994610068238632e-5
7.650674970736886e-5
7.281438564343954e-5
6.888297967221695e-5
6.472728520695558e-5
6.036278887395662e-5
5.5805659947916145e-5
5.147344915940137e-5
5.071860741143153e-5
4.971533107179841e-5
4.848290042651172e-5
4.704229799636042e-5
4.541376037430452e-5
4.361497359430755e-5
4.2594972813350314e-5
4.149241845751185e-5
4.016909220851437e-5
3.863263048726222e-5
3.68920218010773e-5
3.495706904052079e-5
3.283817751898486e-5
3.054646928680991e-5
2.9789367753442555e-5
3.343276211689574e-5
3.829365555573077e-5
4.299573685510753e-5
4.752281490550205e-5
5.185938548782148e-5
5.5990685555064876e-5
5.990274137990872e-5
6.358241133411074e-5
6.701742471646259e-5
7.019641825807679e-5
7.310897165174537e-5
7.574564278164109e-5
7.809800246861456e-5
8.015866775203096e-5
8.192133221287489e-5
8.338079174116498e-5
8.453296446475086e-5
8.537490418258701e-5
8.590480739079747e-5
8.612201461350229e-5
8.602700713430432e-5
8.562140030626765e-5
8.49079344003938e-5
8.389046351153305e-5
8.257394250095326e-5
8.096441144408432e-5
7.906897669042279e-5
7.689578750525755e-5
7.44540073766253e-5
7.175377940569266e-5
6.880618566975101e-5
6.562320096175909e-5
6.221764173782524e-5
5.951197221576971e-5
5.716004102840753e-5
5.465683169998816e-5
5.2012428520821105e-5
4.9237494602176574e-5
4.6343155476448136e-5
4.334084538544646e-5
4.118609309320432e-5
4.057510379584219e-5
3.987494801405081e-5
3.9088408447926695e-5
3.821847644637486e-5
3.726813360924016e-5
3.624014751518725e-5
3.513692347149646e-5
3.438907979697784e-5
3.4548404799736796e-5
3.460712373672224e-5
3.456414346620358e-5
3.441885975150086e-5
3.417112111639343e-5
3.6414084187979586e-5
4.039042301249649e-5
4.419387819956786e-5
4.7811532448321144e-5
5.123125302197383e-5
5.444173246794291e-5
5.743252554315139e-5
6.019408186974825e-5
6.271777393585432e-5
6.499592019599638e-5
6.702180318600392e-5
6.878968273505687e-5
7.029480450793218e-5
7.153340423507486e-5
7.250270807065478e-5
7.3200929558433e-5
7.362726366983485e-5
7.378187831697455e-5
7.36659036395416e-5
7.328141923089158e-5
7.263143932546957e-5
7.171989585866734e-5
7.055161922544583e-5
6.913231653184231e-5
6.746854715506073e-5
6.556769550235287e-5
6.343794097228259e-5
6.108822525357374e-5
5.931180631821855e-5
5.914126804088249e-5
5.8834136476219173e-5
5.839493803909758e-5
5.782769208485589e-5
5.713554392863674e-5
5.632060396765694e-5
5.538404485487474e-5
5.432644134168186e-5
5.3148275488272866e-5
5.1850490036066914e-5
5.0434962758779375e-5
4.8904797142110836e-5
4.726437150678585e-5
4.551914659719051e-5
4.3675285874274256e-5
4.173920003870647e-5
4.1551215623327925e-5
4.146803284125862e-5
4.1283876057951305e-5
4.0999840652220915e-5
4.061728430447216e-5
4.0137809279342255e-5
3.956323684172522e-5
3.8895576936550976e-5
3.8136997316813154e-5
3.888717716360144e-5
4.200095122409392e-5
4.4942213243643e-5
4.7700777695187e-5
5.0267180186884996e-5
5.263271171410346e-5
5.4789451674678555e-5
5.673029910024135e-5
5.8449001236936296e-5
5.9940178486030635e-5
6.119934479505249e-5
6.222292283421488e-5
6.300825361906517e-5
6.355360057233121e-5
6.385814832368124e-5
6.392199677979323e-5
6.374615113915526e-5
6.33325085676177e-5
6.268384219725144e-5
6.180378295755372e-5
6.069679953706516e-5
5.936817655033794e-5
5.782399078433626e-5
5.6071085262383056e-5
5.41170408137019e-5
5.197014487622258e-5
4.9639357376260546e-5
4.713427370457074e-5
4.4465084943256966e-5
4.4031866311329184e-5
4.464653483554887e-5
4.51290094350051e-5
4.5481421578759336e-5
4.57060734376456e-5
4.580553752788029e-5
4.578279341181181e-5
4.564135928023554e-5
4.538537973286761e-5
4.501964272479483e-5
4.45495153161602e-5
4.3980805634990925e-5
4.33195733893267e-5
4.2571920118178036e-5
4.174379245098734e-5
4.08408270298801e-5
3.986825574065096e-5
3.8830877125338906e-5
3.7733087153475374e-5
3.7553826067645614e-5
3.8091612094750704e-5
3.852768364880813e-5
3.886142219712572e-5
3.909222839803672e-5
3.9219538309052334e-5
4.143006812482298e-5
4.375027227225686e-5
4.589471443913766e-5
4.785616622390579e-5
4.9628151728493817e-5
5.120497220763274e-5
5.258172645074232e-5
5.375432677541815e-5
5.471951065634029e-5
5.547484811775172e-5
5.601874506730667e-5
5.635044274894447e-5
5.6470013454303724e-5
5.637835257724464e-5
5.6077167045176653e-5
5.556896013143065e-5
5.4857012657360145e-5
5.394536063250844e-5
5.2838769448115606e-5
5.1542704829015006e-5
5.006330083476326e-5
4.840732528179607e-5
4.658214301014691e-5
4.4595677443055695e-5
4.2456370880167975e-5
4.017314392885762e-5
3.775535442378681e-5
3.521275611827315e-5
3.255545736886326e-5
2.979387998383251e-5
2.6938718374622174e-5
2.5997702904684163e-5
2.580852905638679e-5
2.5123688380409542e-5
2.5400973598224875e-5
2.587132312419383e-5
2.6807367760323323e-5
2.8148599408021904e-5
2.940807578147702e-5
3.0581765485789506e-5
3.166588234890653e-5
3.2656894696566305e-5
3.355153414201768e-5
3.434680414503893e-5
3.503998852927324e-5
3.562866000933818e-5
3.6110688617552715e-5
3.648424978409719e-5
3.6747831758654104e-5
3.6900242097382935e-5
3.694061307263766e-5
3.686840605154916e-5
3.696863514474605e-5
3.8959305835728566e-5
4.080058111825942e-5
4.24864344094529e-5
4.401141051973387e-5
4.537064900288727e-5
4.655990586740049e-5
4.7575572887669e-5
4.841469386589941e-5
4.907497741098042e-5
4.955480602347423e-5
4.985324148042601e-5
4.9970026656568924e-5
4.990558401187666e-5
4.9661011022443894e-5
4.923807284853266e-5
4.8639192519019816e-5
4.7867438865296156e-5
4.692651234974616e-5
4.582072881491238e-5
4.455500103327349e-5
4.313481781229589e-5
4.156622032526979e-5
3.9855775350491416e-5
3.801054521930118e-5
3.603805449606286e-5
3.3946253700973834e-5
3.333087480736033e-5
3.335436989966587e-5
3.32559011619434e-5
3.303496246663061e-5
3.26927366751966e-5
3.223199834344598e-5
3.165686559830667e-5
3.097245706392505e-5
3.018451643150945e-5
2.9299062281201228e-5
2.8680846901037712e-5
2.831635105104503e-5
2.786204492603746e-5
2.7318823794084426e-5
2.868382067676973e-5
3.0055303611056932e-5
3.133274099546191e-5
3.251197192382434e-5
3.3589149304476836e-5
3.456075007367764e-5
3.54235842046364e-5
3.61748029032891e-5
3.681190632761913e-5
3.7332751043725225e-5
3.773555727189915e-5
3.801891582339312e-5
3.818179451676605e-5
3.822354381220752e-5
3.814390141589999e-5
3.7949591793727635e-5
3.919196949559755e-5
4.028863034172924e-5
4.12363467008028e-5
4.203242771683091e-5
4.2674729116708705e-5
4.316166147606218e-5
4.349219682641427e-5
4.366587342376837e-5
4.368279846413209e-5
4.3543648538689094e-5
4.32496676678908e-5
4.280266282493464e-5
4.220499694068123e-5
4.145957945081203e-5
4.056985448810341e-5
3.953978683477659e-5
3.837384573234872e-5
3.707698660783696e-5
3.565463073982835e-5
3.411264285983903e-5
3.2457306685395346e-5
3.0695298411030705e-5
2.8833658238916796e-5
2.787257857991004e-5
2.874087843686364e-5
2.9523167575290814e-5
3.021695600772346e-5
3.082003307202386e-5
3.133047316537095e-5
3.174664084379591e-5
3.206719529334257e-5
3.229109413572582e-5
3.2417596498158686e-5
3.2446265265378315e-5
3.237696843451948e-5
3.220987951879426e-5
3.194547697826527e-5
3.15845426968465e-5
3.1128159555303015e-5
3.057770816968008e-5
2.9934862871878544e-5
2.9405067655373387e-5
3.056875891234702e-5
3.1629861359068054e-5
3.258527761508277e-5
3.343227834545651e-5
3.416850840975245e-5
3.479199214887824e-5
3.530113789760021e-5
3.569474164643157e-5
3.5971989625220264e-5
3.613245950211407e-5
3.6176119918179676e-5
3.610332821546219e-5
3.591482641774862e-5
3.561173573247406e-5
3.577292217417199e-5
3.622519471461634e-5
3.654278781610866e-5
3.672529976927646e-5
3.677281675251198e-5
3.6685914258866854e-5
3.646565740257799e-5
3.611359954213044e-5
3.56317785474235e-5
3.50227100659917e-5
3.428937732316281e-5
3.3435217318927835e-5
3.246410370108253e-5
3.1380326998426256e-5
3.0188573185275193e-5
2.889390162889279e-5
2.750172330300276e-5
2.6017779769260563e-5
2.4448122906926343e-5
2.2799094854059736e-5
2.2583973152007566e-5
2.3723287308951556e-5
2.4787409091911986e-5
2.5773339353166084e-5
2.6678350077093017e-5
2.7499988117863874e-5
2.8236077275814337e-5
2.88847196525328e-5
2.9444297157567336e-5
2.9913473777830298e-5
3.029119882411683e-5
3.057671093720074e-5
3.076954226569724e-5
3.086952200331321e-5
3.087677843759711e-5
3.0791738818114235e-5
3.061512665332726e-5
3.034795642189297e-5
2.9991526046603113e-5
2.954740775168688e-5
2.901743805284277e-5
2.8403707595935417e-5
2.7708551381636966e-5
2.800818024950731e-5
2.8663346672194352e-5
2.9236957567998645e-5
2.972739452836964e-5
3.0133316514059317e-5
3.0453657706300715e-5
3.06876215703543e-5
3.084276751194168e-5
3.09260036255102e-5
3.0912737763341715e-5
3.0803809650178075e-5
3.060035346697351e-5
3.03037925969499e-5
3.0285505710834353e-5
3.0153907900910675e-5
2.990849491462128e-5
2.9550790058993826e-5
2.908272319495865e-5
2.8506621284487013e-5
2.7825197872283952e-5
2.70415417328434e-5
2.6159104794521678e-5
2.518168933177446e-5
2.411343431187769e-5
2.2958800724213127e-5
2.172255570234263e-5
2.0409755281953327e-5
1.9335392576536637e-5
1.9027358784900843e-5
1.8677315663353445e-5
1.8286153228720074e-5
1.787499553984832e-5
1.7807082371060738e-5
1.769168999568665e-5
1.825449839332912e-5
1.923826923693002e-5
2.0158265370360363e-5
2.101225099218249e-5
2.1798207473179408e-5
2.2514337868814827e-5
2.3159070748817123e-5
2.3731063293365812e-5
2.4229203628408827e-5
2.4652612396057794e-5
2.5000643579121756e-5
2.5272884614636183e-5
2.546915584000752e-5
2.558950931567421e-5
2.5634227059504424e-5
2.5603818715769474e-5
2.5499018664244437e-5
2.5320782559641526e-5
2.5070283277760406e-5
2.4748906236413946e-5
2.4358244055549363e-5
2.39000905247317e-5
2.4762438977159443e-5
2.564701550962477e-5
2.646014059913637e-5
2.7199761332344256e-5
2.7864034914359333e-5
2.845133128838219e-5
2.896023536112395e-5
2.9389548819047628e-5
2.9738291474438283e-5
3.0005702058165653e-5
3.0191238394607223e-5
3.029457692648486e-5
3.0315611617203515e-5
3.025445231091294e-5
3.0111422671672544e-5
2.9887057836545273e-5
2.9582101907037952e-5
2.9197505361665775e-5
2.873442241988704e-5
2.819420832622395e-5
2.7578416475304424e-5
2.6888795265539708e-5
2.6127284562969833e-5
2.529601167146143e-5
2.4397286744481695e-5
2.3433597613257292e-5
2.240760405237067e-5
2.1322131534384665e-5
2.018016454106325e-5
1.898483948876108e-5
1.8324364307533382e-5
1.783027834173865e-5
1.764647404670284e-5
1.7506882905851482e-5
1.7325134272082664e-5
1.7102291847875534e-5
1.6839579315221878e-5
1.653835010391872e-5
1.6200057826258228e-5
1.6174598365025773e-5
1.6571713836165472e-5
1.693778581099941e-5
1.7271815502045302e-5
1.7572863199662584e-5
1.7840051089689664e-5
1.87951020991775e-5
1.9868284874689946e-5
2.0862238883855935e-5
2.177320462168152e-5
2.259775569000127e-5
2.333281090149517e-5
2.397564493702659e-5
2.4523897523800813e-5
2.4975581112224256e-5
2.5329087039800247e-5
2.5583190180125844e-5
2.5737052086929612e-5
2.5790222650293756e-5
2.574264028941316e-5
2.559463070918342e-5
2.534690425068898e-5
2.5000551862654337e-5
2.506526304416804e-5
2.5775354864922142e-5
2.6412773886095242e-5
2.6975867826396247e-5
2.7463194254352144e-5
2.7873524160930374e-5
2.8205844980911066e-5
2.8459363099784414e-5
2.8633505889611776e-5
2.87279233107365e-5
2.8742489061657457e-5
2.867730120421564e-5
2.853268213644985e-5
2.8309177774235097e-5
2.8007555832888045e-5
2.762880318386148e-5
2.7174122367740575e-5
2.664492744662926e-5
2.6042839437691367e-5
2.536968156582307e-5
2.4627474499405594e-5
2.381843159819889e-5
2.2944954059174906e-5
2.200962570869522e-5
2.1015207121336203e-5
1.9964628757475054e-5
1.8860982900338657e-5
1.8651169036549604e-5
1.8445298939756237e-5
1.819645667769897e-5
1.7905534621887988e-5
1.7573491698160885e-5
1.724661138742219e-5
1.8420433994667372e-5
1.9525367559912967e-5
2.0557330259677522e-5
2.1512521014693113e-5
2.2387433186859e-5
2.3178867276444102e-5
2.3883942516981425e-5
2.4500107248260978e-5
2.5025147952924897e-5
2.545719686188073e-5
2.579473807480548e-5
2.603661218286298e-5
2.618201942519924e-5
2.6230521441596856e-5
2.618204169943141e-5
2.6036864668973574e-5
2.5795633803441828e-5
2.5459348349734215e-5
2.5029358989510018e-5
2.4507362288025064e-5
2.389539391686017e-5
2.319582062137267e-5
2.2411330915913574e-5
2.154492451107847e-5
2.0897408461614612e-5
2.168570858380505e-5
2.2408472817790996e-5
2.306384083430906e-5
2.3650160273893524e-5
2.4165990840289225e-5
2.4610107405451534e-5
2.4981502209991214e-5
2.527938630005703e-5
2.550319037153916e-5
2.5652565185293695e-5
2.5727381676352005e-5
2.5727730810435777e-5
2.565392315075917e-5
2.5506488022442264e-5
2.5286172103251482e-5
2.4993937253572502e-5
2.4630957423450884e-5
2.4198614539252132e-5
2.3698493360065924e-5
2.313237538443329e-5
2.2502231961554757e-5
2.1810216809084486e-5
2.1058658131586708e-5
2.0250050508064678e-5
1.9387046642734718e-5
1.8472449000772013e-5
1.7509201276317995e-5
1.8309053803165967e-5
1.9370487668647275e-5
2.036071360253438e-5
2.127628876245838e-5
2.2114053956903726e-5
2.287114456773966e-5
2.3545000260718787e-5
2.4133373430942033e-5
2.4634336359948793e-5
2.5046287077098716e-5
2.536795394149259e-5
2.5598398968239445e-5
2.573701992935385e-5
2.5783551255399164e-5
2.5738063755388867e-5
2.5600963162411574e-5
2.5372987501875434e-5
2.5055203275372924e-5
2.4649000451303085e-5
2.415608626111923e-5
2.3578477811787708e-5
2.2918493539349586e-5
2.2178743545557004e-5
2.188500401651592e-5
2.181415637385319e-5
2.1695624003971434e-5
2.153020704790418e-5
2.1318882627220722e-5
2.1062788009132856e-5
2.0763181149997977e-5
2.042138489810034e-5
2.003872515781539e-5
1.9616474937189172e-5
1.916074368095826e-5
1.9663883516089e-5
2.0169609112622855e-5
2.0656018926180173e-5
2.1089800748391074e-5
2.14697642653325e-5
2.1794868242631926e-5
2.2064224143441015e-5
2.227709819440653e-5
2.2432911772991548e-5
2.2531240347499815e-5
2.257181150640786e-5
2.255450274849003e-5
2.2479339662768417e-5
2.234649489791606e-5
2.2156287996322353e-5
2.190918583466955e-5
2.1605803167014654e-5
2.124690267045078e-5
2.0833393973928553e-5
2.0366331357948534e-5
1.9846910522961674e-5
1.927646442362795e-5
1.985048294260026e-5
2.0586564145792292e-5
2.1246428145045133e-5
2.182798013143269e-5
2.2329415848504878e-5
2.2749227347481585e-5
2.308620770241424e-5
2.3339454649184818e-5
2.3508373107165863e-5
2.3592676539334066e-5
2.3592387114359008e-5
2.3507834647829174e-5
2.3339654318527384e-5
2.308878318106599e-5
2.275645551316778e-5
2.2344197056564766e-5
2.1853818213429175e-5
2.128740626064178e-5
2.064731663321067e-5
1.9936163312706837e-5
1.9156808340449655e-5
1.923730006276254e-5
1.9857131114997067e-5
2.042731521831926e-5
2.0945652593269354e-5
2.141008310805745e-5
2.1818738141812942e-5
2.2169989702757926e-5
2.2462489719389782e-5
2.2695194852927185e-5
2.286737514501555e-5
2.297860767522972e-5
2.3028758634444124e-5
2.301795848957615e-5
2.2946575148218253e-5
2.2815189339316484e-5
2.2624575094007964e-5
2.2375686591308257e-5
2.2069651070395088e-5
2.1707766286724894e-5
2.1291500267358934e-5
2.0822490948655442e-5
2.0659015426104137e-5
2.1098090477275713e-5
2.1484344682363292e-5
2.181693876349477e-5
2.2095172988896446e-5
2.2318486642465415e-5
2.2486457111517578e-5
2.2598798833153305e-5
2.265536228998346e-5
2.265613316040096e-5
2.2601231641930842e-5
2.2490911887278707e-5
2.2325561429817374e-5
2.2105700452279033e-5
2.1831980746772926e-5
2.1505184258166608e-5
2.1126221150649528e-5
2.069612740600761e-5
2.056733712260469e-5
2.0660052929095763e-5
2.0676723160704597e-5
2.0617593346531412e-5
2.048318215984898e-5
2.0274278708107733e-5
1.9991938891969476e-5
1.963748083520311e-5
1.921247939230227e-5
1.8718759740070422e-5
1.8158390067078336e-5
1.7533673381676943e-5
1.6847138466964524e-5
1.610153001830847e-5
1.529979800536516e-5
1.4445086304109394e-5
1.354072065044348e-5
1.2590195965930669e-5
1.179447180591535e-5
1.2526069280073479e-5
1.3227648001481552e-5
1.3897368746178939e-5
1.4533366275586893e-5
1.5133888686979509e-5
1.5697422524325287e-5
1.622277709892417e-5
1.670911200563113e-5
1.715590542929594e-5
1.7562874031094386e-5
1.792986494492996e-5
1.8256744753125557e-5
1.854330879349599e-5
1.8789227698963982e-5
1.899403864508657e-5
1.915717877998481e-5
1.9278049969993225e-5
1.9356098911682748e-5
1.9390895515239744e-5
1.9382194985702855e-5
1.932997420496852e-5
1.9234439395093046e-5
1.9096008135087342e-5
1.8915273387426298e-5
1.8692959543250727e-5
1.8586993819838535e-5
1.905396740999396e-5
1.9473090145519353e-5
1.984352579543944e-5
2.01645610102528e-5
2.043560935135793e-5
2.065621574045196e-5
2.0826060353759147e-5
2.0944961061515182e-5
2.1012873861637228e-5
2.1029891256561152e-5
2.0996238996213557e-5
2.0912271930128384e-5
2.077846979060022e-5
2.0595433559782502e-5
2.0363882736747856e-5
2.008465341745178e-5
1.9758696768129467e-5
1.9387077291574012e-5
1.897097030089245e-5
1.8511658211314272e-5
1.801052555398641e-5
1.7469052930290815e-5
