0.31306548835666953
0.5192273986784479
0.6036501441619924
0.5813414335000576
0.4846542936542704
0.3522420367759218
0.2676445979993744
0.2665018406387836
0.26058862356131307
0.23525404841834868
0.19903855714756694
0.19521077110613963
0.18665493103062802
0.17476320500881584
0.20698693552993597
0.23873728510123024
0.25005765593534884
0.24313705611644998
0.22157849116690043
0.124772688227619
0.11157593378590894
0.09370038948723042
0.08944723301026929
0.08779631392272066
0.09149072548269355
0.1121662430177892
0.1279676941962507
0.13842396359157375
0.14445571049260378
0.14734389153793606
0.14581232865173596
0.1402817446044024
0.1312534720264101
0.11927489665785991
0.10492151419151408
0.0887927005632454
0.08967502492838522
0.09049995067814222
0.08914747501636516
0.08573846942533153
0.08044516238280441
0.07348503338604644
0.0550479662853928
0.05353412918731695
0.05271639078563409
0.05126409472907129
0.05230499663311469
0.054258782314244955
0.05448596334503532
0.05321932488500099
0.050697730851540716
0.04715337556716881
0.04280245257696742
0.041442171291327295
0.03913316388644021
0.03894528406724659
0.038002503468223016
0.03634241225684788
0.033983152719899115
0.036400549110939505
0.03778880725409959
0.03794939195915883
0.03690273517265776
0.03471636050930246
0.032718496248703946
0.03161112657029926
0.02960901102809803
0.0268169827893068
0.02497556914835985
0.024866093513416183
0.024852388621172793
0.025839368745241835
0.02609407259617762
0.025594485625776476
0.024374398637698448
0.02271915249954318
0.02277241756475214
0.02393594487914331
0.024262476051315353
0.023790716458879643
0.02281977480935949
0.023027402023101672
0.02296305724802678
0.022653849525747238
0.023237222720677617
0.024055175631097794
0.024678262116099116
0.025165046006130398
0.025561857465230303
0.025896530759000468
0.02634781350509846
0.026944632612198503
0.028392501463203546
0.029834091105224482
0.031122494680795264
0.03229088184979739
0.03335821683296541
0.03481906767190069
0.036815173621594845
0.038561099688104165
0.04002857351575678
0.04119259572849303
0.042032264199629715
0.04253218644537841
0.04268355770901478
0.04248486183140605
0.04194262413779705
0.04107142212871091
0.0398933021428879
0.03843660116912282
0.036734364941229836
0.03482255408263215
0.03273824844744012
0.030518027858638656
0.028196665410549375
0.02581276426393416
0.023771884037913103
0.021544981689617652
0.01975267965581066
0.01896480230278861
0.01809453742121901
0.017743141589867624
0.017008758479621345
0.01583733498356915
0.014675377694705989
0.014168889962978909
0.013553861808561914
0.012804324610058598
0.011902703798096558
0.010843270493324918
0.010738982362715477
0.010802243345904856
0.01060712654381372
0.010358693848191214
0.010603884567062993
0.010799019966459768
0.01183084555152578
0.012819167246943864
0.014432746921383466
0.01803608004012766
0.020128158772870896
0.02075062709037025
0.0200339901520931
0.018170211354903962
0.021170575913363198
0.023655101625830482
0.02416999355336792
0.02290809994135935
0.02017611922185459
0.02008060509893712
0.020077086256639037
0.019269482477144946
0.01778917098594663
0.017434761811557457
0.018273463972473127
0.018696175663806817
0.01866714139241268
0.018210731320029348
0.01760439782431804
0.016575090853708153
0.016418931241767208
0.01647998204717662
0.016174384778388732
0.015635688343067708
0.01500374793325593
0.015801941425262447
0.016168875894878504
0.016002083147441844
0.01606752323972309
0.01609603842483402
0.015756010536754864
0.015113589071630622
0.01425723573169001
0.013447934179201778
0.013146510675253032
0.01271459459225241
0.012160064046976424
0.011495546270386535
0.010737020836929349
0.010241681487885547
0.010096106939141088
0.009949024715851032
0.00985808389122484
0.009679005171279557
0.00939874687457945
0.009022157040272996
0.008558158846938849
0.009154268591360242
0.010134381184344215
0.010619569048634607
0.010621755796638764
0.010408190971712125
0.010777183522068825
0.011030120816210113
0.011169059479150301
0.011197812448976862
0.011122393366567842
0.010951249788774537
0.01069523364824801
0.010367308587346214
0.010685892556321209
0.011046318170696925
0.01156232114676241
0.012595998186407017
0.01275972870157609
0.012149457461627036
0.013428601456164565
0.014439094689816563
0.014324231639051657
0.013217474119517472
0.013510943972717857
0.015692816742750405
0.016636078166051144
0.01640348778433514
0.015148697519022066
0.013092804806085373
0.010497952774902257
0.008378106043970207
0.008560849768826689
0.008678340782331203
0.00872303530884813
0.008759418573102482
0.008830622726367221
0.008675663433677143
0.008563050052893918
0.008722182921729405
0.009067737829801713
0.009298497352680613
0.009407331511737815
0.009391566513363212
0.00925321740595961
0.00899888900213064
0.008639353171529493
0.00822712970373672
0.008092103658218061
0.007921857266163249
0.0077116508991249095
0.007457438497689496
0.007156879592779118
0.006810159315651713
0.006419448103082703
0.005989210156072328
0.005526518096035166
0.005038862356848871
0.004851424324110717
0.004520756923482059
0.004659900766889935
0.0051409075029225215
0.005625034964354228
0.006135226889163001
0.006664501119715199
0.007181563309496809
0.007641376628207961
0.007997411021464998
0.008212942846230973
0.008276647830584814
0.00818838904451781
0.007962871295364469
0.007628436585228209
0.007480130813212865
0.007904768550527406
0.00817921189570613
0.008182154720861777
0.00820012880422929
0.008107469624171217
0.00790896267285718
0.007612759378776626
0.0072295309466453815
0.0067716034777833105
0.006690921371964718
0.006671025120820431
0.006626980828163616
0.006577598058897983
0.006536710893569295
0.0065394078105110625
0.0069713403708574935
0.007332745488689939
0.007616478247076206
0.007817885727554104
0.007934826492374992
0.007967563157756492
0.0079185423051754
0.007792082939853313
0.007593545464976176
0.007328979483117831
0.007004967447742608
0.007082167279701216
0.006605415925663215
0.005748126271817497
0.005366999596257095
0.00499259911065519
0.004806726761262681
0.004623822264862796
0.004496155100014563
0.004400177708745175
0.004682154023573198
0.005452022061038637
0.005884226520882589
0.0059772756428842465
0.0057499791349820755
0.005239421988601719
0.004497910397223973
0.004198899589762637
0.004141277728457921
0.004067170682270277
0.003978937749531581
0.003876390013307529
0.003759192994622018
0.0036412977423719815
0.0038311500908702004
0.004074166962935731
0.0043038796658201395
0.0045177295710436055
0.0047254495673910765
0.004885722283573594
0.005036126126371587
0.005164471417893167
0.0052771142050331045
0.0056332359714724054
0.005954935758354396
0.00622796254768958
0.006437723110583691
0.006571766578953943
0.0066219698443534
0.00658591846152448
0.006467131971437544
0.00624063822375378
0.005935868224506435
0.005593244121966986
0.00528854329489258
0.005103811583660469
0.004891664043777668
0.004662270045974496
0.00442614713090808
0.00419223343807129
0.004092058748221635
0.004697612649226392
0.004914840469696978
0.004766579963148701
0.0043042639811833264
0.003905568370577203
0.00387663190421564
0.003815589521346583
0.003778179461773957
0.0037792216132475492
0.0038325292494946414
0.0038685236558690175
0.00388704183119043
0.003888041023152003
0.0038715687468467014
0.003837745205919868
0.003786761581403165
0.00371889294929292
0.0036345208044753913
0.003534158101914764
0.0034184696252786764
0.0032882820917339434
0.0032218559980818837
0.003248083237627447
0.0032435156136781875
0.0032111950811117645
0.003293030119788833
0.004370051135533896
0.005329283344726611
0.005674378540643499
0.005456406265058256
0.004760602655160042
0.0036926409583059308
0.0033216426798415633
0.003401564890840107
0.0034807759392780887
0.0035619014663179657
0.0036450035704241246
0.004442653418314604
0.005270167618490814
0.005804319036292652
0.006033048338082332
0.005292736313660809
0.004204832214125547
0.004362819383753724
0.004566452403062411
0.004809790135680992
0.0050626438126292386
0.005281293795094511
0.005420673857769008
0.00544504457362497
0.0053351255766796645
0.005091010149793819
0.0047309085990047605
0.004286203465386378
0.003795148304946669
0.0036030367365756737
0.0034579131007034104
0.003356687709584972
0.0033014667787640375
0.0033368724974593296
0.003430412495266306
0.003513993083265016
0.0035747040347657924
0.0036016747278280505
0.0035879758891001735
0.003531518690218578
0.0034355417913918595
0.0033069412052502585
0.0031547076059776054
0.003082059452746345
0.0030843897872494634
0.0030595068303793573
0.0030056095115633045
0.0029216744438228834
0.0028075230660616598
0.0026638328053563073
0.002492099195253197
0.002294559382059621
0.002164839266869653
0.0021977227473918073
0.0022528713910364637
0.0023701501352641117
0.002571692274327397
0.002739938234834202
0.0028764942794030843
0.0029848999432493476
0.0030699120204383847
0.003136719994842055
0.0031847946676925804
0.003214968179911606
0.0032276372455852928
0.0032603333583916556
0.0033398137656234245
0.0034050885681549577
0.003467029053769027
0.003532159328824785
0.0036023436984026465
0.0036754642108480185
0.0037467196025575064
0.003810139907092558
0.0038600168827498922
0.003891966520402459
0.0039029020507243
0.003891170662357557
0.003856585285222351
0.0038003240135052957
0.003724705353424906
0.003632856419281639
0.003528306178046897
0.0034224618337615493
0.0033711660977061068
0.0033048615839553707
0.003225754720324566
0.003135770146946491
0.00303635102524295
0.002928396636431965
0.0028123273823150215
0.0026882456174711455
0.0025561462541198593
0.0025201218094302487
0.002515647148385953
0.0024987036468977013
0.0024697585934623217
0.0024293815064393557
0.002378124062614726
0.0023164522256707994
0.0022447339424711394
0.0021782693129691016
0.002187191390309496
0.0021871574018991627
0.002178167091456371
0.0021602560477053875
0.0021334914736634834
0.0020979692819126463
0.0020538125490488484
0.0020011712538096325
0.0019402231407544303
0.0018711754954777837
0.001794267583860213
0.0017550662516705997
0.0019111565872129144
0.0019708568586235217
0.002130050379390149
0.002229351828360805
0.002265318390659698
0.002243786821700923
0.002177520474296538
0.002157305802438202
0.0022853199370535364
0.0024040978214405675
0.0025135516440965206
0.0026134120113343318
0.0027029667045466526
0.002781081734210627
0.0028464480808090974
0.0028979430324374386
0.0029349759349640877
0.0029577088906425405
0.0029670907420137832
0.002964700219370421
0.002952445486407944
0.002932199338162286
0.0029054568905850483
0.0028730876829010906
0.0028352240045565677
0.0027912918205431746
0.002740159364318917
0.002680358063617069
0.002610323233138575
0.0025286086234458964
0.0024340445650847067
0.002325816348069926
0.002519791710399456
0.002724760654908607
0.002710845720046715
0.0027788235433016738
0.002796233474550693
0.0027024821880676695
0.0024907288328178444
0.002178307808918121
0.0021574496736232775
0.002332493610954184
0.0023616181379330302
0.0023204213474146843
0.0022332434125117403
0.0020622467789266153
0.0018517075574768851
0.001811828634873093
0.001744117572232199
0.00198953380466086
0.0021928280395356273
0.002180765607263845
0.0019816750492083765
0.0016328265279719274
0.0015687170708476104
0.0016311707766410231
0.0016925936137408642
0.0017550031099819226
0.0018187911369501074
0.0018830173111496818
0.001945921381323186
0.0020055040360290846
0.0020923222332314695
0.0021687791987492428
0.002240590235819972
0.0022642418882300548
0.002210795356186247
0.0022235420725061983
0.0022238661555418126
0.0022127748734347722
0.0021923933589839332
0.0021657330033264966
0.0022975272405131686
0.0024437994903484424
0.0025568104465990412
0.0026356059535910994
0.002680504283367128
0.002692879860712025
0.0026749444852234364
0.0026295481321349434
0.002559972706084004
0.0024697405659161614
0.0023736117927359588
0.002297752338641325
0.0022175577746432807
0.0021507968639668095
0.0020740852383061255
0.0019902946954160642
0.0019195086699230735
0.0018557764144136331
0.0017900707698093217
0.001718446951209931
0.0016378549404890757
0.0015466532478939086
0.0014447593200461388
0.0013334659199704902
0.0012150126169983683
0.001110195038597571
0.001145677741961882
0.0011778818416953787
0.0012060892176694524
0.0012296523622309964
0.0012480611868487049
0.0012609867168391388
0.0012682972831453802
0.001270048202123071
0.0012664504591153487
0.0012578260333148163
0.0012445581573900851
0.0012270439446490661
0.001205654981825571
0.0011807047882685748
0.001152437601350774
0.0011210266230304577
0.001161826952165216
0.0012657785385985203
0.001366211741969254
0.0014644387478589766
0.0015618327969141935
0.0016592087255441292
0.0017563859264760045
0.0018520588650389714
0.0019439865594209804
0.0020294199819460546
0.0021056333074509154
0.002170415726127101
0.0022224100704453065
0.002261238140743919
0.002287412475819056
0.0023020844325919807
0.0023067083212148483
0.002302707885378252
0.002291217198525724
0.002272931236435456
0.0022480813373261478
0.0022165186303869143
0.002177867465758122
0.0021317024186946103
0.0020777057251874786
0.002015774220820949
0.0019460616085427381
0.0018689586045454246
0.0017850265329657682
0.0016949071415548636
0.0015992323732530451
0.0014985535780243546
0.0013933021238500874
0.001283784798736602
0.001170209768590726
0.0010768075875218948
0.0011101089426284252
0.0011390016854272676
0.0011633507465396778
0.001183042472371514
0.001197993905405776
0.0012081599672003323
0.0012135374860749813
0.0012141657950880853
0.0012101242224928591
0.0012015272399326302
0.0011885182522054435
0.001171263012952204
0.0011499435079980677
0.001124752842708087
0.0010958913557290902
0.001063563912491395
0.0010731902930668732
0.0011692764458280348
0.0012593579266179861
0.0013431578000142699
0.0014202184183865585
0.0014902326623007001
0.001553150537545221
0.001609220806302067
0.0016588556887900405
0.0017024539652667177
0.001740255158810953
0.0017722602449014816
0.0017982296593246155
0.0018177770594022284
0.001830509091118859
0.001836170343306946
0.0018347419803016512
0.0018264528589318498
0.0018115190051780819
0.0017900973065498099
0.0017626628845596698
0.0017296583894364983
0.001691390271970313
0.0016480458510706602
0.0015997770376188795
0.0015468060505962385
0.0014895078915447646
0.0014284377039148243
0.0013642930895603207
0.0012978239478669247
0.001236300233905037
0.0012353360436519278
0.001220179612612366
0.0011892346647759424
0.0011425279355277913
0.001081609159041671
0.0010092271895976372
0.0009288612557281028
0.0008442001151105097
0.0008446442108857484
0.0008593644772248131
0.0008716043255377025
0.000881247642063241
0.0008881644034524905
0.0008922537108421655
0.0008934757672656932
0.0008918679667825891
0.0008875443476434736
0.0008806811208270579
0.0008714932336087652
0.0008602077511429534
0.0008470393608576814
0.0008321718883907859
0.0008157478367244401
0.000797866089614796
0.0007785864209906655
0.000757937718888272
0.0008167921664875723
0.000890400237098658
0.0009510926683688304
0.000991851408448424
0.0010081941420084972
0.00099883922349408
0.000965694627945179
0.00097838874146508
0.0010144073510296166
0.0010540876193416743
0.0010921286500434036
0.0011291139499497345
0.0011662078089684344
0.001239834710316919
0.0013151575772977616
0.0013756292221031219
0.0014115496804956806
0.0014168822220572321
0.001419775440205383
0.0014560033515644678
0.001484443216731406
0.0015034567285168341
0.0015123638009000501
0.0015114281983938964
0.0015016823300652825
0.0014846271085090517
0.0014618836270922381
0.001434872960447999
0.001404583744804204
0.0013714605405750519
0.0013354166040866959
0.0012959492067993192
0.001252318685401823
0.0012037460439285697
0.0011636179228970295
0.0011283724012946012
0.0010853024871176945
0.0010344558210421903
0.000975988010718813
0.0009101634422743149
0.0008373535886902274
0.0008454163404111158
0.0008646875498195625
0.0008805125934036387
0.0008927721603816351
0.0009013656473147776
0.0009062150749649753
0.0009072681664678041
0.0009045002811094854
0.0008979151163101724
0.000887544306081265
0.0008734461996059255
0.0008557041772281164
0.0008626020242314488
0.0008830767896617776
0.0009123423930708283
0.0009472502791728817
0.0009762735916005406
0.0010101026003044552
0.0010794447792278929
0.0011429357275899422
0.001200644367556958
0.0012526773414484312
0.0012991340189285165
0.0013400750564870883
0.0013755088130348125
0.0014053952725395238
0.0014296631176034065
0.0014482323542097531
0.0014609957353562335
0.0014677929512694847
0.0014684670011176487
0.0014629343554566118
0.001451242868900884
0.0014296132751367918
0.0013994615520334227
0.0013635609958440626
0.0013243748891776297
0.0012836807279002832
0.0012423959000255995
0.0012006011891969731
0.0011577207964001404
0.0011127952128823862
0.0010643446597668944
0.0010110687186986851
0.0009522321921785931
0.0008878072418956457
0.0008184353589307944
0.000745119918293432
0.000669067513993519
0.000608578250116544
0.0006244164244918991
0.0006380260918010493
0.0006494261623700322
0.0006586297244454663
0.000665643165426992
0.0006704679760587487
0.0006731045899389387
0.0006735572865534736
0.0006718390819448229
0.0006679755657781443
0.0006620071987882108
0.0007022836601108426
0.0007413454420754212
0.0007777087525270775
0.0008112591849677835
0.0008418488316972682
0.0008693147195475292
0.0008935011210214153
0.0009142805360445676
0.0009315688194924448
0.0009453337901728526
0.0009555949400639635
0.00096241394688258
0.0009658782997713611
0.0009660821676396041
0.0009631093647963459
0.0009570232802859256
0.00094786671286635
0.0009356714384767604
0.0009204734468706874
0.0009023313058156574
0.0008813475267103982
0.0008738013372779191
0.0008742839418142481
0.0008813655482751241
0.0008840325106443344
0.0008713962519991832
0.0008717717356258948
0.0008950636896606248
0.0009140368811916393
0.0009207031846982911
0.0009136888985549472
0.000893427021149005
0.0008764181210016527
0.0008681451930211692
0.0008551619245932812
0.0008408731135679884
0.0008299863005945297
0.0008242652056111477
0.0008225848607230446
0.0008216514285731901
0.0008170933245051501
0.0008046134881945537
0.0007809452303647466
0.000744448916401967
0.0006952949096628042
0.000635273372375587
0.000567337183121948
0.0005202650258487307
0.0005117136465139914
0.0005579176091123784
0.0006100693163268502
0.0006547858176479864
0.0006920698421694993
0.0007221767876514541
0.0007455795657021926
0.0007629216727479608
0.0007749621497248184
0.0008125142043905863
0.0008434767537380492
0.0008674775345975551
0.000884424522405154
0.0008944830082074069
0.0008980448058924114
0.000891685911219521
0.0008710442865758203
0.0008423054416162933
0.0008405899813613837
0.0008570317927635981
0.0008704705951658243
0.0008808319502953193
0.0008881289721984625
0.0008924508487526774
0.0008939375751619908
0.0008927463866073636
0.0009303149630321593
0.0009657040351412603
0.0009955280527959775
0.001019661856734495
0.0010381095189302113
0.0010509797358814017
0.0010584589513521366
0.0010607864366587987
0.001052826270960987
0.0010361018409373144
0.0010143784822730026
0.0009908247395130172
0.0009675478645392342
0.0009454341140846435
0.0009242588597580732
0.0009029863689475126
0.0008801596132691464
0.0008542403968661632
0.0008235320223382754
0.0007868875358219195
0.0007439229510345508
0.0006950316703454038
0.0006412324365006256
0.0005839125270694267
0.0005245358128375561
0.000475528378174897
0.0004889354160356324
0.0005004125740653634
0.0005099167682962522
0.0005173952757351677
0.0005227942140240138
0.0005260686091725572
0.0005271918067090778
0.0005261623827749334
0.0005230071851551471
0.0005408665159081102
0.0005596087481410693
0.0005770600166301605
0.0005931710541303736
0.00060800012409533
0.0006216691269079147
0.0006342862422941888
0.0006458660198921356
0.0006562745590720719
0.0006652168136018006
0.0006743343330825433
0.0006942660344592091
0.0007116934688421739
0.0007266294671112549
0.0007390876184443108
0.000749077070843292
0.0007566021404001598
0.0007616658232271723
0.0007642752520685874
0.0007644468157903046
0.0007622150992372925
0.0007576453357894123
0.0007508384605390792
0.0007419237949663514
0.0007310396737760458
0.0007182970509639686
0.0007037559939839179
0.0006874275775932733
0.0006692784644078438
0.0006492469999510298
0.0006328659173879893
0.0006171733285167079
0.0006299344804548104
0.0006510508030397328
0.0006628212944347255
0.0006591834980511227
0.0006374775336221536
0.0005985063999486943
0.000587527277890461
0.000590083018465771
0.0005830730398255988
0.00056321196135002
0.0005293113254858841
0.00048233280339615703
0.0004585629296180062
0.00044625844050220844
0.00045941522074717956
0.0005137807324279573
0.0005626548952709921
0.0006054794805769089
0.0006418896186366318
0.0006717195966415612
0.0006949979368995549
0.0007119322780873915
0.0007228853641702466
0.0007283440687226265
0.0007288837940252818
0.0007343993665029207
0.0007347134697196613
0.0007248228838071029
0.0007088168357014682
0.0006904851798167441
0.0006727404333349603
0.000657314052524745
0.0006447233751853952
0.0006344578942418476
0.0006253053633226348
0.0006156613472227075
0.0006038731808371207
0.0005886494218196132
0.0005692595755910216
0.000545584495337428
0.0005737168684088956
0.0006042974978892785
0.0006307512043306751
0.0006527552946173963
0.000670177313143848
0.0006830670105247466
0.0006916358774761662
0.0006962260476560604
0.000697271370678977
0.0006918468267464433
0.0006798158876704532
0.0006644487544433554
0.0006485837103629888
0.0006341884988403687
0.0006221757755575097
0.0006124549381189963
0.0006041604343618756
0.0005959754670430509
0.0005864694201656631
0.0005743828344598134
0.0005585672911586196
0.0005382996109184
0.0005340145767446812
0.0005374187352291564
0.0005387718927344646
0.0005379994166232039
0.0005350412040479026
0.0005298535198112589
0.0005224111902993418
0.0005127097197469973
0.000500766654141257
0.00048662185114172726
0.00047033662277266386
0.00045199201868947647
0.0004580253696973282
0.000468870121210281
0.00048049645203920383
0.0004915382949385863
0.000504987077769034
0.000519702987305584
0.0005332918288721172
0.0005453863613753191
0.0005555823919316276
0.0005635022298650016
0.0005688529161421363
0.0005714650376547183
0.0005715720035831247
0.00056977275017766
0.0005668140461089226
0.0005670621809782717
0.0005756614567521275
0.0005933764274142083
0.0006169711087966514
0.0006404854397036334
0.0006569558105989802
0.0006601169644056866
0.0006457163467842942
0.0006122266992831637
0.0005609118195155226
0.0005468832153642833
0.0005450428548237804
0.0005412224433226396
0.000535527267659464
0.000528059835167274
0.0005189176011145087
0.0005081922262825546
0.0004959702694604684
0.00048233728773082864
0.00046739220149838467
0.0004669556961138209
0.0004647323588856476
0.000460698004351643
0.0004548290493675399
0.00044709783339777313
0.0004374832054628384
0.0004397118638734551
0.0004295591310589776
0.000405145024937277
0.00040537158530522293
0.0004522358541779371
0.000493032920767427
0.0005273855990617343
0.0005551440218702447
0.0005763802400961925
0.0005913711560484686
0.0006005710710997216
0.0006045757843159304
0.0006040806664645892
0.0006255652288806501
0.0006420731347666365
0.000653023590653923
0.0006519655410793856
0.0006378496003061555
0.0006155520440567368
0.0005899874592461371
0.000565243272735318
0.0005440246873084325
0.0005273338444370238
0.0005147828514004583
0.0005050097387589434
0.0004961775257780192
0.000486443693596728
0.00047431912831313373
0.00045887557624282947
0.000439799116372573
0.00043243834693671275
0.00042435951946387786
0.00041445578378712335
0.0004029604537451109
0.00039466465038307387
0.0004168687147832439
0.00043755410745186104
0.00045609603886784234
0.0004719644217342881
0.0004847600698742235
0.0004942359013469022
0.0004984305413853666
0.0004933655360458322
0.00048203094718844225
0.00046765319577998093
0.0004530490855366031
0.00044019671283681774
0.0004300407423716951
0.0004225443496039746
0.00041693263265791945
0.00041200594012721393
0.00040645945803875825
0.0003991467599680608
0.0003892305442288885
0.00037624041148594077
0.00036012135314586566
0.0003411662917921238
0.00031989552189272457
0.00032815406107418026
0.0003424033885762733
0.0003550541678301472
0.0003660859186901991
0.0003754594235898641
0.00038312239373270563
0.00038901803405275945
0.000394310982835699
0.0004084685938911817
0.00042173783275864063
0.00043414288783291536
0.0004457418854184501
0.0004565599680327752
0.0004665308322040441
0.00047546612009071875
0.00048306149476394966
0.0004889367927645198
0.0004926984801555495
0.0004940077493236327
0.0004928352246049629
0.0004895051283007155
0.00048455453701753043
0.00047852771572248797
0.0004717785781772066
0.0004643404686441997
0.00045768131516752894
0.0004554570624352973
0.00045823835826959
0.0004638372716352878
0.00046825146414328564
0.00046688554621487617
0.0004557196328207511
0.00043217606732638843
0.00039555308412516754
0.00036188760996592355
0.00036390048024281585
0.0003647414337207337
0.00036428627080126543
0.00036241440841794994
0.00035904301573888803
0.0003541521808465166
0.00034779485839928255
0.0003400905436908152
0.0003377198822914519
0.00033782267818421516
0.0003363606264700971
0.0003333787767055216
0.0003289147833528544
0.0003230008608140749
0.00031566826604685627
0.00031114994302050233
0.0003444543396577332
0.0003876577460138541
0.0004265751812531104
0.000460542566332697
0.0004890515121584949
0.0005117698746345739
0.0005285534134082291
0.0005394474888728687
0.0005446785676960239
0.0005446361874586203
0.0005398468123439922
0.0005309416704867781
0.000518517390934503
0.000505272307541326
0.0004935882737461433
0.00047988964721128494
0.00046663175717086833
0.00045539046450385646
0.000446755291577578
0.00044035226062123247
0.00043511694921362403
0.00042969694615441624
0.0004227947962856427
0.00041342704745746494
0.00040106664317086016
0.00038566594786835806
0.0003675817311693142
0.0003569950464015394
0.00035667331826054466
0.00035084588632543543
0.0003416294358984617
0.0003311329823459528
0.0003210820844745711
0.00031258791442138916
0.0003060754140489954
0.00030135177725091624
0.0002977738844281201
0.00029635445057732613
0.0003111707618546496
0.0003243693511965143
0.0003354816117323395
0.00034413249898348336
0.0003500625001684698
0.0003511538702810128
0.0003441806719277481
0.0003316581476221348
0.00031635526148759995
0.00030076535146578197
0.0002867312176260364
0.00027526187882806604
0.00026653537602433524
0.00025996087231552716
0.0002563209708913984
0.000270408772909271
0.0002831078870600702
0.00029441375949453523
0.000304319500212314
0.00031280975482929596
0.0003198587461679513
0.0003254322264346902
0.00032949239372657985
0.0003320044187709287
0.0003344057176788289
0.00033782596975710376
0.0003424018449839883
0.0003473830845498257
0.0003551698281970633
0.000365753454975927
0.00037552232420619763
0.00038422052464170617
0.0003915379800182431
0.00039716134686572396
0.0004008271128841082
0.0004023639667672385
0.0004019580854354582
0.00040009078948783516
0.0003973593399811153
0.00039426283764649176
0.0003910240957883251
0.00038966801436093933
0.0003940986657041483
0.0004048056749613203
0.00041924272308545415
0.00043288149279137664
0.00044056671963293894
0.0004378086490919776
0.0004217380118382966
0.0003915786049785695
0.00034862595711762954
0.00029582743508618136
0.0002756718996674363
0.00026385583176652085
0.00024911626625042705
0.00023091319499417512
0.00022114943202127847
0.00022589746626303607
0.0002293851313128984
0.00023151511574940296
0.00023220693518962235
0.00023141205896685252
0.00022912451453769786
0.00022538499283359867
0.00022027808830038693
0.00021392374927411105
0.00021287029643212663
0.0002379394370110789
0.00027583541663637275
0.0003125553863009603
0.00034473129520642926
0.0003718244811842367
0.00039347855372420587
0.00040953134631449675
0.0004200168106151103
0.00042515666902396556
0.0004253423903759385
0.0004211086998226724
0.000413100396018775
0.00040203476260297204
0.00040613758806567644
0.0004028917174001956
0.00039088783762523
0.00037412374296375787
0.00035641548923641083
0.0003406440311008065
0.00032847572141373203
0.0003203237980992966
0.0003155552815336465
0.0003128515318473084
0.0003106205791071031
0.00030737125050596425
0.0003019859708374585
0.00029743570020351624
0.00029469100258795825
0.0002909974724365848
0.0002861846116725426
0.0002801780139665369
0.0002729983267975624
0.0002647416248926724
0.0002555485034362149
0.00024557024912325845
0.00023493956642354927
0.00022392615978574952
0.00022252922123625112
0.0002229280633002633
0.000217932592071829
0.00020870193072617852
0.00019672438483113154
0.0001954604823456464
0.00019699720809381044
0.00019768282441331834
0.0002000953336653805
0.00020261670662717618
0.00020445938306214655
0.00020556823395083683
0.00020589312086413184
0.0002053913442974841
0.0002067874111361012
0.00020924310941120182
0.00021069207449765477
0.00021107745097549826
0.00021035153349336093
0.00020847675426406324
0.0002169628169527299
0.000225009727111015
0.00023205529924207762
0.0002380537032696722
0.00024295546437598704
0.0002467160415514241
0.00024930314732279094
0.0002507016811855127
0.00025091576772682373
0.00025179735765592647
0.0002543793282418865
0.0002586477687512203
0.00026765505015109904
0.00027623019079096097
0.0002841718750700239
0.00029130054225728354
0.00029735176490581193
0.00030201695414608696
0.0003049976972557277
0.00030605954109912115
0.0003050724085650652
0.0003021551514079085
0.00029770017108596595
0.0002922449057553025
0.00028629938073636177
0.00028018814279257226
0.0002739523175504683
0.000267334774899179
0.0002598461293996423
0.0002542006439115813
0.000252186081316752
0.0002533144265883064
0.0002553256105927108
0.00026770775180290807
0.0002622744043776422
0.00023888070486365374
0.0002126516044961407
0.00020797861047753736
0.000209767041007787
0.00021079917032899409
0.00021112002709930327
0.00021077718668721657
0.0002098199443335918
0.00020829840025533372
0.0002062624826550493
0.0002037609693592527
0.00020084058963069004
0.00019754528794075182
0.00019391571061809927
0.00018998893971109427
0.0001868221142483432
0.0001888973428832918
0.00020976925521301777
0.00022661787120454365
0.00024334156812466287
0.0002657863898852397
0.000284962720174015
0.00030043508973312023
0.00031189180138808817
0.0003191577817817758
0.00032219942702841703
0.00032109354649430277
0.0003160238742340434
0.0003072774525030679
0.0002952342085387842
0.0002803539088103443
0.0002631602959971031
0.00024422142961528197
0.0002378843410015709
0.00023596314695632943
0.00023353755050525726
0.00023046571026094002
0.00022659155311184268
0.0002217856608453202
0.00021597437440033763
0.0002091535889298174
0.00020138738020059142
0.00019881436916965067
0.00019765246710617607
0.00019427462242198863
0.00018885259987848322
0.00018160346081991076
0.00017308447101110214
0.0001692684592588599
0.00016442604011187857
0.00016258982488269127
0.00016227787678238642
0.00016127880879249654
0.000159559201742051
0.00015708793358069456
0.00015383852041420292
0.00014979140036875004
0.00014529156202962822
0.00014430591836640978
0.00015102947651325215
0.0001597478713981199
0.0001680014692697867
0.0001757273296002546
0.00018286335462253586
0.00018934911440863348
0.00019512672955048166
0.00020014179037605888
0.0002043442854159714
0.0002076895087016849
0.00021013891558458134
0.00021166089949127762
0.00021223146648054772
0.00021183478960804924
0.00021046363024525757
0.00020811961810776386
0.00020481338577226272
0.00020056455690379142
0.00019929601255492692
0.0001984897973324034
0.00019767633063475903
0.00019787822701500875
0.000199325226356502
0.00020151922624869848
0.00020345500956438605
0.0002039206588775484
0.00020179967818865504
0.00019631127369104624
0.0001999527064849481
0.0002038539387794336
0.00020647439652142914
0.00020768517691931233
0.00020744548033075694
0.0002058607802777582
0.0002032415685921716
0.00020000597664482361
0.00019654481873753696
0.00019309589676781496
0.00018966520547487927
0.0001886387892565981
0.0001845237594978701
0.00017625218097850145
0.00017297802347576418
0.00017374920690336885
0.00017678804039355633
0.00021587921804216634
0.0002340459075297914
0.00023253629078962183
0.00021383399527688524
0.00018121740986903008
0.0001617736346358374
0.00016520799980112785
0.00016802249879817148
0.0001701212575892421
0.00017141838772970902
0.0001718485363788047
0.00017137432553601673
0.00016998997057722683
0.00018331392761144168
0.00019086780717317203
0.00018952446235646032
0.00018026600415050733
0.00016452398319901588
0.00014501710370082993
0.00015026693268430674
0.00016541985942133942
0.00017725079041245296
0.0001877094658352688
0.00020418529637572554
0.00021782601419279054
0.00022824548369139032
0.00023518263960405381
0.00023850649890636423
0.00023821398254884776
0.0002344221482610554
0.000227356578310771
0.00021733722880141017
0.00020476257642094438
0.00019009252225076658
0.00017383029114500048
0.00015894600255304716
0.00015639172057041006
0.00015416917307453125
0.00015164165504819195
0.00014886043315546317
0.0001458052321583811
0.00014241485003753244
0.00014467773008846113
0.0001500517561468384
0.0001531949668238149
0.0001541423904172967
0.00015299181741397792
0.00014989318974128755
0.0001450375045641665
0.0001440319963988621
0.00014424227365158435
0.00014189669621024283
0.0001376901119592111
0.00013233281138042572
0.00012911817554810105
0.00012852373219784716
0.00012732004849076096
0.00012546907473018698
0.00012293949083937213
0.00011992352183367235
0.00012321334110773716
0.00012513169289223266
0.00012560474071239268
0.0001246048094981364
0.00012214659389115192
0.00011828339281027425
0.00011310354943864972
0.00010752335964865628
0.0001142819475602393
0.0001204536139079233
0.00012600357669306471
0.00013090402125480962
0.00013513430277187154
0.00013868049995706928
0.0001415345822025775
0.00014369346015913537
0.00014515814446590934
0.00014593315913667029
0.0001460262665927121
0.000146437057146958
0.00014809308279577205
0.00015112123674548283
0.00015493782739281077
0.00015848661691055522
0.00016054651689922147
0.00016003115229337495
0.00015621889802379052
0.0001488776992049456
0.000138276893607867
0.0001364442830876983
0.00013944691914901533
0.00014138101075960408
0.0001422922978835619
0.00014229017830937713
0.00014151812975138808
0.0001401211574761674
0.000138217377537651
0.00013593486216099498
0.0001334056410500059
0.00013072577392865634
0.00012791673386597407
0.0001249034400792879
0.00012559692288122024
0.00012615190938819422
0.00012637209213749918
0.00012630561650966207
0.00012823023656365
0.00012961654589992491
0.00015356772700699236
0.00016664502093859283
0.00016430276953158408
0.0001485864172295227
0.00012850794581008453
0.0001267051040776268
0.0001243939962448393
0.00012158910165321806
0.00011830892894639961
0.00011457592360738277
0.00011041600322406807
0.00013202045066026263
0.00015258077810577014
0.00016546474856571952
0.00017058012174765195
0.00016834612070436641
0.00010975910830423967
0.00010907636188622668
0.00010793715423893368
0.00010789130482522974
0.00011563171717289514
0.00012029974479050559
0.0001252912979724749
0.00013302885319104775
0.00013863476411992285
0.00014199115718423097
0.00014306756770649125
0.00014191220446509292
0.00013864199910714644
0.00013343278428104422
0.00012651016788084983
0.00011814103150325907
0.00010862517985822381
0.00010338662046875709
9.943746462830575e-5
9.746626555273677e-5
9.627556944705307e-5
9.530961118995096e-5
9.450729435600547e-5
9.373574732067763e-5
9.915761888595554e-5
0.00010424070975173357
0.00010787270630055354
0.0001100760952792044
0.00011091337593634733
0.00011047865268309156
0.00010888956238806439
0.00010627999302281142
0.0001047017803533855
0.0001048017276743852
0.0001045744487862082
0.00010400020181143968
0.00010305770382657786
0.00010172613550900928
9.9986839949397e-5
9.78246374402227e-5
9.522876962106458e-5
9.219354816429288e-5
8.871880913502814e-5
8.779590887982552e-5
8.938215832867917e-5
9.063081152150729e-5
9.154657194407562e-5
9.213555991602056e-5
9.240519932278565e-5
9.236407538859702e-5
9.202175983595977e-5
9.138860552378934e-5
9.412901301374472e-5
9.645447542419e-5
9.828462793226193e-5
9.962022639884989e-5
0.0001004643864635321
0.00010082145214049151
0.00010069646927427859
0.00010009524958902476
9.902489828307383e-5
9.861085391649145e-5
9.946496850127121e-5
0.00010150840281648686
0.00010409471019931082
0.00010624269922704485
0.00010690909697724987
0.0001052361243914755
0.00010072649673896354
9.332203364768144e-5
8.384963811524432e-5
8.342237754426449e-5
8.278624828642506e-5
8.19159876620192e-5
8.079380275053354e-5
8.067555098279961e-5
8.103178401776238e-5
8.111806836747737e-5
8.102639428956326e-5
8.08030667700407e-5
8.044595487563733e-5
8.014969435102665e-5
8.289812159852593e-5
8.512329087956051e-5
8.684562145071554e-5
8.809207838824023e-5
8.889343771607925e-5
8.928204646157182e-5
8.929018826879222e-5
8.894905157812791e-5
8.795653925394064e-5
8.599260149824725e-5
8.728508777387355e-5
9.978567164504063e-5
0.00010084276791813737
9.173050302402092e-5
8.549265907737704e-5
8.642826012772579e-5
8.70319847027741e-5
8.730581910095182e-5
8.724589828560185e-5
8.684408168194753e-5
8.831618812717326e-5
0.00010866684838183299
0.0001240234331897506
0.00010765178382367477
7.990158113064441e-5
7.832302575065148e-5
7.642793749400789e-5
7.42305760539464e-5
7.174690137641161e-5
6.899435123279483e-5
6.599154919295995e-5
6.275795180356059e-5
5.9516271780715504e-5
5.626469965510878e-5
5.2988470242475616e-5
5.4963156873970556e-5
5.69629141106095e-5
6.016248909202747e-5
6.299957285037508e-5
6.524367983661125e-5
6.676938090696406e-5
6.756720811312496e-5
6.772972954277865e-5
6.741935162314411e-5
6.682720414898552e-5
6.639906974788347e-5
6.57936234085891e-5
6.492141522140238e-5
6.449035669171367e-5
6.413563300323794e-5
6.377766073794661e-5
6.332330574599942e-5
6.547714225683595e-5
6.734335451073801e-5
6.863805590400282e-5
6.994085199601536e-5
7.20258870488795e-5
7.359980098246014e-5
7.472274477847153e-5
7.547358641083717e-5
7.593284639787173e-5
7.616888418740522e-5
7.622927323611134e-5
7.61379472910655e-5
7.589749328154603e-5
7.549511028308981e-5
7.491034504949288e-5
7.412274407204482e-5
7.311793942676331e-5
7.1891271799666e-5
7.044869774186704e-5
6.880529779709448e-5
6.69821037014593e-5
6.500215346133428e-5
6.288666782243091e-5
6.165002892986817e-5
6.026410112126284e-5
5.860772512354984e-5
5.66818937494091e-5
5.5389906785276676e-5
5.5028553004790807e-5
5.4782105067270075e-5
5.540580649137138e-5
5.71146961636203e-5
5.9614734315671876e-5
6.224662622679817e-5
6.419035028317605e-5
6.467571414216858e-5
6.315337295112255e-5
5.939739484136405e-5
5.65291930346018e-5
5.752974977164295e-5
5.8319008272430736e-5
5.8897106847765474e-5
5.92650321973795e-5
5.942446788586957e-5
5.9377636228319375e-5
5.912716405026726e-5
5.867599899980237e-5
5.802739148647734e-5
5.7184941250251406e-5
5.615269156611716e-5
5.5065462523573236e-5
5.423448165835839e-5
5.320245923396555e-5
5.1970905379989e-5
5.0540540260175966e-5
5.222010486525608e-5
5.457595016721213e-5
5.664538636450332e-5
5.843233931545228e-5
5.994195922003503e-5
6.12446481240245e-5
6.32420090538329e-5
6.502205281435008e-5
6.658851431311597e-5
6.794322391175659e-5
6.908301335216957e-5
6.999424950735065e-5
7.066170577199821e-5
7.107284864915864e-5
7.122057136067321e-5
7.110387643181041e-5
7.072671447976516e-5
7.009569098654374e-5
6.921755953772809e-5
6.809732954347439e-5
6.673750776531482e-5
6.513858796073378e-5
6.330052712576843e-5
6.122469645442589e-5
5.8915717801872114e-5
5.638268720288108e-5
5.363949836141621e-5
5.070423980607755e-5
4.867858535060747e-5
4.811193290037333e-5
4.735632168367284e-5
4.642791948344731e-5
4.5345899068803415e-5
4.4871016863665125e-5
4.6461884680472354e-5
4.789665754567976e-5
4.917140017894617e-5
5.0282653220079174e-5
5.1227426527092335e-5
5.2003186335037796e-5
5.26078388509571e-5
5.3039714341025085e-5
5.32975556289117e-5
5.338051428884806e-5
5.328815655837073e-5
5.3020479381903074e-5
5.2577935368093576e-5
5.196146408278923e-5
5.117252623750186e-5
5.021313708654211e-5
4.9085895720174175e-5
4.7794007813588626e-5
4.684300453363138e-5
4.758523734468676e-5
4.8240925958131634e-5
4.88089234512385e-5
4.928708784038001e-5
4.967267409580677e-5
4.9962780875317235e-5
5.015476112450198e-5
5.024653237025703e-5
5.091256731791909e-5
5.2431712474641954e-5
5.375754311082166e-5
5.48862975398312e-5
5.581482982132753e-5
5.6540611056310414e-5
5.706173630614571e-5
5.737693480899519e-5
5.748558064258293e-5
5.7387701106894096e-5
5.708398079337649e-5
5.6575760369027534e-5
5.586503027492129e-5
5.4954420556770286e-5
5.384718869364861e-5
5.254719889230159e-5
5.109672685744212e-5
5.292435257473291e-5
5.3249886585033264e-5
5.16840676947387e-5
4.814480516305402e-5
4.368851436571684e-5
4.27899207508236e-5
4.1740954102222064e-5
4.0535631496767256e-5
3.916906661712545e-5
4.0563058232464394e-5
4.188992110749565e-5
4.330315998743385e-5
4.4070430163830124e-5
4.4919068342464535e-5
4.56041724849008e-5
4.612466604197139e-5
4.648016029471652e-5
4.667098336744516e-5
4.669816619290966e-5
4.6563384737720315e-5
4.626884867690688e-5
4.5817190354140516e-5
4.5211376098667697e-5
4.44546517551804e-5
4.3550524056353707e-5
4.250277087080451e-5
4.13154690206332e-5
3.99930281782656e-5
3.8540222014504105e-5
3.750817715953872e-5
4.001173579633446e-5
4.2363207932936915e-5
4.455386226673954e-5
4.6575540181089136e-5
4.8420746790061526e-5
5.008274292058083e-5
5.15556274811173e-5
5.2834402480255385e-5
5.391501598621665e-5
5.479438126630092e-5
5.5470372645599954e-5
5.59418003211968e-5
5.620836770455163e-5
5.627061606110619e-5
5.612986233796668e-5
5.5788136918803886e-5
5.524812826251929e-5
5.45131405681616e-5
5.365896566154375e-5
5.265872712523758e-5
5.1470799506677104e-5
5.010151959275178e-5
4.855790154087147e-5
4.684757161581367e-5
4.6616571191753274e-5
4.645314156364759e-5
4.619015499479619e-5
4.583105134334103e-5
4.538061214114767e-5
4.484389761707896e-5
4.42251512538272e-5
4.352703386058937e-5
4.275040722645274e-5
4.189469955463991e-5
4.0958711887376505e-5
3.994161289895042e-5
3.949181982841089e-5
4.008077667275525e-5
4.0515771640221854e-5
4.079552851672663e-5
4.091943531640482e-5
4.0887536066135793e-5
4.070051685188883e-5
4.0359688893966406e-5
3.9866970954101355e-5
3.9224872623006e-5
3.8436479184169106e-5
3.750543796315377e-5
3.643594545500034e-5
3.5232734129189355e-5
3.390105764980618e-5
3.244667329382715e-5
3.452999323573506e-5
3.6774609367305676e-5
3.8891114207553e-5
4.087258730387515e-5
4.271248598504844e-5
4.440468239737106e-5
4.594349791898038e-5
4.7323732693606166e-5
4.85406890710556e-5
4.959018885347367e-5
5.046858522985253e-5
5.117277099785992e-5
5.1700185026004476e-5
5.204881887684106e-5
5.223765573688853e-5
5.242365698512865e-5
5.242688805811174e-5
5.2245959824903746e-5
5.188014824427379e-5
5.132942290167276e-5
5.059447141618165e-5
4.967671909796119e-5
4.857834351537533e-5
4.730228399313174e-5
4.585224637076056e-5
4.423270347071147e-5
4.2448891571983157e-5
4.0506802814900714e-5
3.841317297260465e-5
3.730236567291787e-5
3.6155719860430856e-5
3.4873488554816614e-5
3.4841713693212114e-5
3.5665439391293415e-5
3.642103759666401e-5
3.7106425391856364e-5
3.771991741440623e-5
3.82602636359128e-5
3.872662327780763e-5
3.911848414014475e-5
3.943554866028623e-5
3.967761474951923e-5
3.984447938581496e-5
3.9935886368707004e-5
3.9951528425915225e-5
3.989110089919469e-5
3.975439265854515e-5
3.954139228070511e-5
3.9252385352914586e-5
3.8888022109478925e-5
3.84493422822895e-5
3.7937753981659496e-5
3.735497321897978e-5
3.670293820409461e-5
3.598371637878002e-5
3.733137038811502e-5
3.928762878228511e-5
4.108699508500447e-5
4.2723410524651156e-5
4.4191525103506105e-5
4.548671418500493e-5
4.6605095162099736e-5
4.754354263692224e-5
4.829970001613693e-5
4.887198539273175e-5
4.925959001663726e-5
4.946246848733243e-5
4.9481320803547155e-5
4.931756741046731e-5
4.897331914028354e-5
4.8451344332035325e-5
4.775503536643551e-5
4.68883763895192e-5
4.5855913258458095e-5
4.4662725873110236e-5
4.331440226269194e-5
4.181701323422005e-5
4.0177086150869274e-5
3.8401576547125336e-5
3.6497836719341816e-5
3.447358108079086e-5
3.233684876263517e-5
3.194058808889459e-5
3.1951916632068825e-5
3.193536249491115e-5
3.198612514182447e-5
3.195613008278306e-5
3.248230506575772e-5
3.3007746543668726e-5
3.3408238681668576e-5
3.368269678687488e-5
3.383055952011112e-5
3.385177380950399e-5
3.374678203794078e-5
3.351651236663082e-5
3.316237183883901e-5
3.268624102853446e-5
3.209046855190238e-5
3.137786373931528e-5
3.055168607330426e-5
2.9615630506589843e-5
2.857380834307352e-5
2.7851257735289777e-5
2.8688360531852305e-5
2.946923738766926e-5
3.0192352457246648e-5
3.123798188934656e-5
3.312856887982534e-5
3.4895090155121714e-5
3.653107731072424e-5
3.803045978057717e-5
3.93875960220938e-5
4.059730491515666e-5
4.165489687143964e-5
4.255620416223203e-5
4.329761002288546e-5
4.387607615509502e-5
4.4289168288468585e-5
4.4535079510158284e-5
4.461265108386334e-5
4.452139049113323e-5
4.426148640913581e-5
4.3833820334032926e-5
4.3239974538706065e-5
4.248223605030903e-5
4.15635963538976e-5
4.048774654880082e-5
3.925906774840852e-5
3.7882616582215915e-5
3.636410574299313e-5
3.470987962948193e-5
3.292688521602699e-5
3.102263838921332e-5
2.9005186065090887e-5
2.8669571088540576e-5
2.889025341021414e-5
2.9018005270805303e-5
2.9053118547180872e-5
2.9244483221202086e-5
2.9854333879583e-5
3.035776361277713e-5
3.075329117096376e-5
3.103980212867084e-5
3.1287268546678656e-5
3.167761830713804e-5
3.1976294533287096e-5
3.2183917435516425e-5
3.2301525798245134e-5
3.233055060631617e-5
3.227278924187466e-5
3.2130379089356774e-5
3.1905768708458995e-5
3.16016853532536e-5
3.12210991101013e-5
3.0767185531094996e-5
3.0243289599010017e-5
2.9652893705220322e-5
2.899959106989434e-5
2.964387518178799e-5
3.1212316435860606e-5
3.2654370127922875e-5
3.3965889740145896e-5
3.514327308888269e-5
3.618346162633594e-5
3.7083937554496675e-5
3.7842718956404564e-5
3.845835318489348e-5
3.892990875093401e-5
3.925696595714339e-5
3.943960649786711e-5
3.947840219912197e-5
3.9374403027264624e-5
3.912912442406805e-5
3.874453400188414e-5
3.822303761032096e-5
3.756746480499034e-5
3.678105377715304e-5
3.5867435836290364e-5
3.483061956759864e-5
3.367497476780579e-5
3.24052162380709e-5
3.102638744267623e-5
2.9543843972392513e-5
2.7963236687588108e-5
2.6290494393049317e-5
2.584394356651541e-5
2.6123603442198473e-5
2.63545552695651e-5
2.6543632183164192e-5
2.687259196350366e-5
2.7166770856137007e-5
2.7468207315493876e-5
2.7978647609680843e-5
2.8384485803971057e-5
2.868463986421821e-5
2.887845810345055e-5
2.8965717647513184e-5
2.8946620729735154e-5
2.882178897181502e-5
2.859225576263419e-5
2.8259456873454963e-5
2.7825219515338617e-5
2.729175009936677e-5
2.6968196938718097e-5
2.6603279356574924e-5
2.6179336384802406e-5
2.5696849067785057e-5
2.515783855730979e-5
2.4565505075406702e-5
2.4800738293100842e-5
2.6356283809373755e-5
2.781379481119093e-5
2.916807847248156e-5
3.0414285368077703e-5
3.154792921420111e-5
3.256490609590099e-5
3.3461513099552406e-5
3.4234466234154404e-5
3.488091747896933e-5
3.53984707673658e-5
3.578519669151986e-5
3.603964571972656e-5
3.616085972402042e-5
3.614838164786598e-5
3.6002263177353796e-5
3.572307031246046e-5
3.531188676075127e-5
3.477031509472166e-5
3.410047560986606e-5
3.330500281736934e-5
3.2387039490039846e-5
3.1350228154543296e-5
3.0198699934413344e-5
2.8937060629819962e-5
2.7570373963769967e-5
2.6104141939628436e-5
2.4629419272698558e-5
2.3160339115993467e-5
2.3550678665308633e-5
2.3892596782280895e-5
2.418463559848011e-5
2.4425453655350926e-5
2.4613844217286074e-5
2.4748753849036798e-5
2.4829299534505356e-5
2.4964899139294852e-5
2.528388447693014e-5
2.5512772667130035e-5
2.5651008511618292e-5
2.569834179330134e-5
2.5654828755512088e-5
2.5520832815498218e-5
2.529702450513628e-5
2.4984380612368476e-5
2.458418247970086e-5
2.4098013393996157e-5
2.352775497594002e-5
2.2875582449071938e-5
2.214395865326492e-5
2.1676583149147783e-5
2.230483428570293e-5
2.294756661022411e-5
2.4300430286643685e-5
2.5555089050932215e-5
2.670775491646758e-5
2.7755082069792983e-5
2.8694170164199222e-5
2.952256541768788e-5
3.0238259655616572e-5
3.083968745048675e-5
3.132572150745943e-5
3.1695666455162806e-5
3.194925120453252e-5
3.208662005413092e-5
3.2108322721613625e-5
3.201530349347165e-5
3.18088896825359e-5
3.156353721261187e-5
3.120715786014166e-5
3.074080299661395e-5
3.0166908048109306e-5
2.948827932713222e-5
2.870807553220304e-5
2.7829788115560098e-5
2.6857222040993604e-5
2.5823931577227366e-5
2.5571981569539214e-5
2.5261234412367014e-5
2.4892452261714154e-5
2.4466773265425757e-5
2.3985682179712352e-5
2.3450941875632376e-5
2.2864512897556467e-5
2.222846359933039e-5
2.1544876147988154e-5
2.1982285993713338e-5
2.2492060317588422e-5
2.2919300272060406e-5
2.3262670065173074e-5
2.3521138161527663e-5
2.369398522879089e-5
2.3780811839946986e-5
2.378154497087101e-5
2.3696442144697724e-5
2.4137031417466315e-5
2.4566573913392675e-5
2.4941143214364525e-5
2.5259526160600898e-5
2.552069860466133e-5
2.5723843411373792e-5
2.5868356213737398e-5
2.5953837306968985e-5
2.5980071496664592e-5
2.5947000865791936e-5
2.5854697361479828e-5
2.570334226496135e-5
2.5493217896514764e-5
2.5224713791724418e-5
2.4898345878765493e-5
2.4662011338910858e-5
2.5342493938197122e-5
2.5929126430132214e-5
2.642035489708168e-5
2.6814971731753068e-5
2.7112117203177973e-5
2.731128021502695e-5
2.744481526995403e-5
2.7488917510826394e-5
2.7434504238645404e-5
2.728232945425702e-5
2.7033482047424984e-5
2.6689375863327778e-5
2.625174323801936e-5
2.572263187098441e-5
2.510440393545641e-5
2.439973565866935e-5
2.406430767842088e-5
2.4655611038704928e-5
2.5272221595715106e-5
2.5821791595890812e-5
2.630322700738131e-5
2.6715734280684627e-5
2.7058685448332775e-5
2.733153007911444e-5
2.7533759683887888e-5
2.7664920344762404e-5
2.7724662866796833e-5
2.771281680023009e-5
2.762947767608127e-5
2.7475089432703925e-5
2.7250507003034836e-5
2.6957028351559764e-5
2.6596390988806646e-5
2.6170733873635108e-5
2.5682530482492978e-5
2.5134502032258247e-5
2.452952122034085e-5
2.3870516680561163e-5
2.3435061179079467e-5
2.2997417376990337e-5
2.2509624527298214e-5
2.1970959870820768e-5
2.138091983466338e-5
2.0739274282209188e-5
2.004611725446627e-5
1.9455318892243343e-5
1.9327203237742086e-5
1.916689371986021e-5
1.926992080678036e-5
1.9632819907397514e-5
1.994851699847755e-5
2.058449919652705e-5
2.120273490580862e-5
2.174084555723739e-5
2.2197464209190708e-5
2.257152429434966e-5
2.286225918021749e-5
2.306920068671302e-5
2.3192176623483828e-5
2.3231307398894962e-5
2.3187001763626266e-5
2.3059951741507196e-5
2.2851604706413027e-5
2.2580118801442202e-5
2.22281550711119e-5
2.179741093484135e-5
2.1289854171797982e-5
2.0707716130636352e-5
2.005348392330651e-5
1.9592060357119227e-5
1.9163674268153395e-5
1.8674068342160054e-5
1.812495612852513e-5
1.7518245957375642e-5
1.6856034841396708e-5
1.614060259977187e-5
1.6506697905262194e-5
1.720217783454182e-5
1.785110576035123e-5
1.8452453173633316e-5
1.900534168902668e-5
1.950905060299102e-5
2.0097792715968538e-5
2.078543497100769e-5
2.144016165371852e-5
2.2058533872995238e-5
2.2632924718860756e-5
2.3152851987792197e-5
2.3607182415003017e-5
2.39865669044223e-5
2.4285463228736428e-5
2.4503269647230074e-5
2.4644314099979306e-5
2.471682818105618e-5
2.473124737748538e-5
2.4698279933082577e-5
2.462717162209204e-5
2.452448511376708e-5
2.457558730880617e-5
2.4679064806664787e-5
2.4736228056263078e-5
2.47477704380106e-5
2.471469087625254e-5
2.463777391802988e-5
2.4517095940649457e-5
2.4351755190137965e-5
2.4139926333492857e-5
2.3879225003620065e-5
2.3567272011040035e-5
2.3202295503230073e-5
2.2783610359399495e-5
2.231185965929974e-5
2.1788971519574863e-5
2.121786187982004e-5
2.0601977994321833e-5
1.9944804416720136e-5
1.9834268944944867e-5
1.9864880368085013e-5
1.996612963573841e-5
2.0009763566239704e-5
1.999606800157081e-5
1.9925505352012827e-5
1.9798718992256024e-5
1.9616533330544695e-5
1.9379948831048794e-5
1.9090132368522476e-5
1.8748404240647802e-5
1.8356223769576235e-5
1.7915175537642463e-5
1.7426957970827385e-5
1.689337527718818e-5
1.6316332869513424e-5
1.569783557110916e-5
1.5143185727675007e-5
1.556466384278199e-5
1.592979375493464e-5
1.6237711201183558e-5
1.6487753950193e-5
1.6679464187197707e-5
1.6812590388156495e-5
1.6887088366196457e-5
1.690312125513828e-5
1.6861058323653158e-5
1.6761472654532386e-5
1.6605137833806266e-5
1.639302385475494e-5
1.612629242945217e-5
1.580629183658977e-5
1.543455134565136e-5
1.5012775171460019e-5
1.4693003457777406e-5
1.454467235150601e-5
1.5086575942948922e-5
1.5784688786375063e-5
1.6422245241659296e-5
1.699700518256703e-5
1.7506970649513844e-5
1.795039260928152e-5
1.8325776619216247e-5
1.86652108813651e-5
1.9127134727435868e-5
1.9549766851781472e-5
1.9932070457626734e-5
2.027309268686671e-5
2.057200242773649e-5
2.082812567383623e-5
2.1040973299739363e-5
2.1210257704541116e-5
2.1335896911898387e-5
2.1418006907826288e-5
2.1456884788750583e-5
2.1452986387724488e-5
2.14069023143868e-5
2.1319335857029115e-5
2.119108514742997e-5
2.102303068305845e-5
2.081612801452958e-5
2.0571404436471357e-5
2.0289957930093557e-5
1.997295643397176e-5
1.9621635720858643e-5
1.946053600222288e-5
1.9674312812116787e-5
1.9845511225260418e-5
1.997396753523226e-5
2.005959114729411e-5
2.0102360110946655e-5
2.0102320835051433e-5
2.00595914635975e-5
1.997434646461303e-5
1.984680638004966e-5
1.967724721910947e-5
1.9466030269826945e-5
1.9213641746912966e-5
1.8920725416386853e-5
1.858809238730149e-5
1.8216699823718815e-5
1.780760125684711e-5
1.736188136297533e-5
1.688059399049708e-5
1.6364721998708176e-5
1.581510944904954e-5
1.5232453554448179e-5
1.4696526355947746e-5
1.4776896443844434e-5
1.5411194493236714e-5
1.5987390363154217e-5
1.650352285039808e-5
1.6957866076080638e-5
1.7348934926848037e-5
1.76754893770499e-5
1.7936537678813967e-5
1.8131338418887084e-5
1.825940145312356e-5
1.8320487744073466e-5
1.831460813937672e-5
1.8242021138384912e-5
1.8103229704121744e-5
1.789897718156987e-5
1.7630242382609347e-5
1.7298233897767602e-5
1.690438369338724e-5
1.6450340039997306e-5
1.5937959827474492e-5
1.5369300305868783e-5
1.4746610301079063e-5
1.4072320947170357e-5
1.3540373597620975e-5
1.3492596867384007e-5
1.3415956465520629e-5
1.3367301641280863e-5
1.3790615823983172e-5
1.4185550558722065e-5
1.4551574879260091e-5
1.4888430058294686e-5
1.5196167187611508e-5
1.5475111723880974e-5
1.5725762191921657e-5
1.5948651428510215e-5
1.6144209861278288e-5
1.631266874361872e-5
1.6635588912855208e-5
1.7050230353997668e-5
1.752170638799074e-5
1.797786828830497e-5
1.8394528566496433e-5
1.8770657491406112e-5
1.9105267040513306e-5
1.939743856103713e-5
1.9646351982170916e-5
1.9851311215581955e-5
2.0011761816752357e-5
2.0127298983790148e-5
2.0197666056483767e-5
2.0222745420229462e-5
2.0202544820379872e-5
2.013718242988432e-5
2.002687364102082e-5
1.987192166435909e-5
1.9672712881803936e-5
1.942971679793769e-5
1.9143489572253457e-5
1.881467963512428e-5
1.8444033796540045e-5
1.8032402495490804e-5
1.7580743268724465e-5
1.7107360877556046e-5
1.7115694273882028e-5
1.7062508396878185e-5
1.6948235872867517e-5
1.6773534834313512e-5
1.653928502352133e-5
1.6246582997616613e-5
1.5896736485686075e-5
1.5491257955720476e-5
1.5031857447945973e-5
1.4520434740769956e-5
1.3959070897605237e-5
1.335001925790601e-5
1.2695695915107182e-5
1.2515935357167857e-5
1.2882214980573792e-5
1.321930741584633e-5
1.3526443844908559e-5
1.3802935329720184e-5
1.4048171991227695e-5
1.4261622042995026e-5
1.4442830735509823e-5
1.4591419314273837e-5
1.4707084154855915e-5
1.4789596413225525e-5
1.4838802261290043e-5
1.4854623640208828e-5
1.4837059317797385e-5
1.4786185949902317e-5
1.4702158836773713e-5
1.458521213110707e-5
1.4435658374270174e-5
1.4253887373997728e-5
1.4040364560003599e-5
1.3795629034765722e-5
1.3520291561317996e-5
1.3215032701912807e-5
1.288060124806159e-5
1.3056603800951036e-5
1.3647040743338641e-5
1.4204866439429557e-5
1.4729002040052032e-5
1.5218456195208283e-5
1.56723629921751e-5
1.6090014656475168e-5
1.6470874369622353e-5
1.6814561578725314e-5
1.712081213605113e-5
1.7389424725157505e-5
1.7620210130055755e-5
1.7812886140303434e-5
1.796705013107306e-5
1.8133016284518016e-5
1.8265625034569354e-5
1.8357879228393756e-5
1.8412119275418653e-5
1.843019257719359e-5
1.8412946901105695e-5
1.8360066809706646e-5
1.8270263403358356e-5
1.8141731487379767e-5
1.7972728182567714e-5
1.776211304843676e-5
1.7509718594563995e-5
1.7216477939821782e-5
1.6884304560058992e-5
1.6515779218655834e-5
1.611373780907464e-5
1.568086464339298e-5
1.5219381147266576e-5
1.473088609634664e-5
1.4326689026844301e-5
1.4156584208942944e-5
1.3926543030053526e-5
1.3647957342961007e-5
1.3337166338120664e-5
1.3011486594516731e-5
1.2685242950505872e-5
1.2366810550666933e-5
1.2057289121043368e-5
1.1750948767814254e-5
1.1577433406441406e-5
1.1900208166657975e-5
1.219621465648607e-5
1.2464226407925619e-5
1.2703152912862253e-5
1.2912130314896367e-5
1.3090564593821671e-5
1.323812333301963e-5
1.3354684729321997e-5
1.3440261420747876e-5
1.3494920362913665e-5
1.3518718247970338e-5
1.3511665984225138e-5
1.3473727498042667e-5
1.3404849773249877e-5
1.3305014482377017e-5
1.3174297988256811e-5
1.3012926248633094e-5
1.2821313812772309e-5
1.2600080655209706e-5
1.2350045802016207e-5
1.2207982661925413e-5
1.2295673253442112e-5
1.2336896563567647e-5
1.2331842826545437e-5
1.2280872505203172e-5
1.218451377127157e-5
1.2043459375017283e-5
1.229527681552926e-5
1.2794724697237063e-5
1.3265905366106686e-5
1.3707743456046766e-5
1.4119243242983554e-5
1.4499497910010007e-5
1.484769680567875e-5
1.516313050258319e-5
1.5445193668273427e-5
1.569338586036991e-5
1.5907310442544618e-5
1.6086671915982666e-5
1.6231272083165515e-5
1.6341005576213873e-5
1.6415855367101457e-5
1.6455888850181084e-5
1.6461254946556312e-5
1.6432182409070017e-5
1.636897916825577e-5
1.627203222876464e-5
1.6141807397536683e-5
1.597884806561666e-5
1.5783772409185902e-5
1.5557268703214786e-5
1.5300088911704482e-5
1.5291778758096752e-5
1.5413451344305137e-5
1.5506294007419834e-5
1.557035027081523e-5
1.5605869444505504e-5
1.5613237325527026e-5
1.55928970862369e-5
1.5545275079742548e-5
1.5470737725674856e-5
1.5369591013116266e-5
1.524208321111826e-5
1.508841032202195e-5
1.4908720788500348e-5
1.4703120289562014e-5
1.4471680033881038e-5
1.421523774089205e-5
1.3938076819447929e-5
1.3646129651521684e-5
1.3344307139464266e-5
1.3034079937021782e-5
1.2712175936006642e-5
1.2370787261378114e-5
1.1999170794442572e-5
1.1586127163777886e-5
1.1122644265067888e-5
1.060401311834665e-5
1.0030925404148583e-5
9.955628192975796e-6
9.98362398951097e-6
9.988169305150466e-6
9.969164288314153e-6
9.9266296708575e-6
9.860709017711286e-6
9.77166140584719e-6
9.659847056784493e-6
9.525709301051732e-6
9.369756381941846e-6
9.192546123889048e-6
9.13655877469206e-6
9.090089313277124e-6
9.025618029734154e-6
8.97478866475343e-6
9.413355034584727e-6
9.901293086827095e-6
1.036747440398091e-5
1.0810980549237234e-5
1.1230942786457026e-5
1.1626552741144637e-5
1.1997070444815073e-5
1.234182966227241e-5
1.2660240861363487e-5
1.2951792324360396e-5
1.3216049684691889e-5
1.3452653897518356e-5
1.3661317555374791e-5
1.384181966231098e-5
1.3993999415475482e-5
1.4117750022910687e-5
1.4213013862717424e-5
1.4279780204110619e-5
1.4318086197271333e-5
1.4328021033041823e-5
1.4309732276260045e-5
1.4263432671448466e-5
1.4189405421131104e-5
1.4088006157779247e-5
1.4102748700617864e-5
1.4352342975077225e-5
1.4572964677994166e-5
1.4766736648169068e-5
1.4935444401214716e-5
1.5080181240071605e-5
1.5201151127482011e-5
1.5297656765523218e-5
1.536826261845313e-5
1.5411089756537e-5
1.5424177687097986e-5
1.5405841168070313e-5
1.5354957409947646e-5
1.5271138129895166e-5
1.515476667495093e-5
1.5006907152095095e-5
1.482911495419649e-5
1.4623192495565205e-5
1.4390938625203293e-5
1.4133935446259543e-5
1.3853404395844193e-5
1.3550147372924396e-5
1.3224571525756907e-5
1.2876781974522339e-5
1.250671711963598e-5
1.2114297497850424e-5
1.1699557895397568e-5
1.126272992467927e-5
1.0804287775801041e-5
1.0324965031412923e-5
9.921734770954432e-6
9.505441809875654e-6
9.069220500828746e-6
8.61392192742494e-6
8.199339664111474e-6
8.144029674906489e-6
8.0733518447694e-6
7.987477899073711e-6
7.886603046826368e-6
7.770947001776302e-6
7.655824224322982e-6
7.882800317313143e-6
8.097268604539964e-6
8.298802495712576e-6
8.486979401360617e-6
8.661384455731225e-6
8.821614470418127e-6
8.967281579577713e-6
9.098016204286963e-6
9.213469176122535e-6
9.4646543901011e-6
9.848682763970369e-6
1.0212990766920759e-5
1.0556913980701619e-5
1.08798312873115e-5
1.1181167116595104e-5
1.1460393138582336e-5
1.1717028730048908e-5
1.1950640025792776e-5
1.2160837980693989e-5
1.2347276336192082e-5
1.2509650505387119e-5
1.264769809514787e-5
1.2761201181293216e-5
1.2849989760376175e-5
1.2913945270557285e-5
1.2953002899520496e-5
1.296715164804304e-5
1.2956431723433712e-5
1.2920929714271952e-5
1.2860772715184667e-5
1.2776122911730853e-5
1.2667173990740478e-5
1.2534150193571658e-5
1.2546458960271333e-5
1.2708731963889068e-5
1.2847488171321405e-5
1.296379661329173e-5
1.3058597420196471e-5
1.313198646260096e-5
1.3182809243062198e-5
1.32087058032365e-5
1.3206584216490923e-5
1.3173368196046205e-5
1.3106795811180005e-5
1.3009409221008678e-5
1.2886483896026173e-5
1.2743848782013786e-5
1.2586300282933274e-5
1.2416533031312156e-5
1.2234774586955629e-5
1.2039101960669098e-5
1.1826253884818122e-5
1.1592664424285066e-5
1.1335437123658909e-5
1.1053040208594e-5
1.0756402444560018e-5
1.0454300222265324e-5
1.0140340723753164e-5
9.823492947101597e-6
9.488864413917457e-6
9.137349798092043e-6
8.770215930425893e-6
8.388960935300615e-6
8.221852677350654e-6
8.401439058439565e-6
8.55139285318608e-6
8.671239092665903e-6
8.760612990320346e-6
8.81926165292811e-6
8.8470448580558e-6
8.843934820409275e-6
8.810015019440936e-6
8.745478301931778e-6
8.650624575401708e-6
8.615352696882128e-6
8.83779942720958e-6
9.043030793742801e-6
9.230497784611102e-6
9.399677732273293e-6
9.550091848387066e-6
9.681320322849074e-6
9.793012332968976e-6
9.884889675196296e-6
9.99110555378178e-6
1.0295466562669972e-5
1.0579393084241841e-5
1.0842398366977264e-5
1.1083886889675195e-5
1.1303224960818142e-5
1.149982189776832e-5
1.167320365906395e-5
1.1823064371839737e-5
1.1949287292370827e-5
1.2051933794850125e-5
1.2131205450498353e-5
1.2187388919470434e-5
1.2220795549670694e-5
1.2231707159054713e-5
1.2220336922866996e-5
1.2186810379238344e-5
1.2131167259763983e-5
1.2053381023663109e-5
1.1953390283703368e-5
1.1831135094043324e-5
1.1686591329490017e-5
1.1519797835622884e-5
1.133087321798164e-5
1.1120021534325452e-5
1.0887528277666889e-5
1.0633749553572984e-5
1.043664852949345e-5
1.0533202347011623e-5
1.0611679216830742e-5
1.0672071303669348e-5
1.0714404591236144e-5
1.0775802599657605e-5
1.0819425661586712e-5
1.0844137432307098e-5
1.0849974074362149e-5
1.0837012017452508e-5
1.08053653199232e-5
1.0755183343997512e-5
1.0686648953028053e-5
1.059997728736293e-5
1.0495415008918798e-5
1.0373239773379495e-5
1.0233759622075347e-5
1.007731199523141e-5
9.904262161056207e-6
9.71500099089959e-6
9.509942174489929e-6
9.289519107780113e-6
9.05418177484787e-6
8.804393963506226e-6
8.540631101640405e-6
8.263378889392119e-6
7.973132761402373e-6
7.670398072968326e-6
7.433344704029874e-6
7.362879549672862e-6
7.276942212613582e-6
7.175935661564792e-6
7.343133688691994e-6
7.5711407653486495e-6
7.783165605131093e-6
7.978856776919008e-6
8.157897264784997e-6
8.320005596015867e-6
8.464936569280157e-6
8.592481515967698e-6
8.70246813108877e-6
8.794760002039936e-6
8.923520132683586e-6
9.240928564956576e-6
9.539537526495014e-6
9.818879485173055e-6
1.0078517340259403e-5
1.0318050321568623e-5
1.0537117261557119e-5
1.0735396062768927e-5
1.0912599379219834e-5
1.1068467748051014e-5
1.120276225000916e-5
1.1315258970114109e-5
1.1405747032950913e-5
1.1474030971896077e-5
1.1519936986662039e-5
1.1543321611152033e-5
1.15440807472183e-5
1.152215705155524e-5
1.1477544246518604e-5
1.1410287861724579e-5
1.1320482914345104e-5
1.1208269821813396e-5
1.1073830216848657e-5
1.0917384223163877e-5
1.0739190224787599e-5
1.0539547395138195e-5
1.031880045639668e-5
1.007734554393197e-5
9.815635770780546e-6
9.534185188971221e-6
9.23357025872715e-6
8.924470480199499e-6
9.100234922708681e-6
9.260110765272345e-6
9.40387261531011e-6
9.531318236195499e-6
9.642268301881021e-6
9.736566460782867e-6
9.814079658701032e-6
9.874698621615423e-6
9.918338373064262e-6
9.944938677150485e-6
9.954464336412075e-6
9.946905336844791e-6
9.922276883371012e-6
9.880619412564297e-6
9.821998680665806e-6
9.7465060164226e-6
9.654258791496744e-6
9.545401120972273e-6
9.420104757805012e-6
9.27857010745949e-6
9.12102726279107e-6
8.947736947172714e-6
8.758991258943262e-6
8.555114123461066e-6
8.336461387594984e-6
8.103420526910024e-6
7.856409973550108e-6
7.595878111838942e-6
7.359893353883701e-6
7.44633008733919e-6
7.515066111118719e-6
7.5659601004886e-6
7.598913346723842e-6
7.61387012351523e-6
7.610817943335183e-6
7.589787698742149e-6
7.550853684491007e-6
7.764068133889326e-6
8.077065930025832e-6
8.373411383987149e-6
8.652611998305038e-6
8.914204008193524e-6
9.157753027918996e-6
9.382854831475983e-6
9.589136215505842e-6
9.776255870421326e-6
9.943905174493485e-6
1.0091808831139906e-5
1.0219725306987095e-5
1.0327447088401868e-5
1.0414800403996644e-5
1.0481644549817523e-5
1.0527871366092504e-5
1.0553405588744736e-5
1.0558206616854496e-5
1.0542271763335351e-5
1.0505640450196437e-5
1.0448398343757415e-5
1.0370680308881392e-5
1.0272671328749975e-5
1.015484473626214e-5
1.0082960145994718e-5
9.990457322117652e-6
9.877476886312144e-6
9.744211143275404e-6
9.590923682236302e-6
9.417962801619104e-6
9.225765102241152e-6
9.014829602840782e-6
8.785704458208806e-6
8.538979479626579e-6
8.27528135499378e-6
7.995267833276383e-6
8.195030052369303e-6
8.382212443791046e-6
8.554159610405193e-6
8.71053233681788e-6
8.85101770310364e-6
8.975331133856002e-6
9.083219296236768e-6
9.17446342917225e-6
9.248882481480359e-6
9.306335426109258e-6
9.34672230252875e-6
9.369983859567294e-6
9.376100023614145e-6
9.365087698363004e-6
9.336998530311723e-6
9.291917220275675e-6
9.229960749856578e-6
9.151278585499207e-6
9.056053615381235e-6
8.944503344096966e-6
8.816880781251856e-6
8.67347451815922e-6
8.514607683511467e-6
8.340635732005114e-6
8.15194329103501e-6
7.948940499964279e-6
7.732059373002259e-6
7.501750686991142e-6
7.258481745561236e-6
7.00273515439586e-6
6.743543927687958e-6
6.651526492999472e-6
6.544296523728438e-6
6.44504292445609e-6
6.7442173666049664e-6
7.043824172652291e-6
7.329142111079217e-6
7.599651315044174e-6
7.854853384881054e-6
8.0942710246963e-6
8.317449143129613e-6
8.523957387791217e-6
8.713393794037644e-6
8.885389035500873e-6
9.039610678852326e-6
9.175766890552365e-6
9.317860399449015e-6
9.465885069841976e-6
9.594621958355362e-6
9.703833134055597e-6
9.793312430506218e-6
9.862885381230396e-6
9.912410527550205e-6
9.941781460910293e-6
9.950928980118205e-6
9.939822936363232e-6
9.90847359816272e-6
9.856932590413233e-6
9.785293560746768e-6
9.69369269975522e-6
9.582309120177806e-6
9.451364964596237e-6
9.30112503136207e-6
9.13189573244613e-6
8.944023328923546e-6
8.737891589891595e-6
8.513919222738779e-6
8.272557546173206e-6
8.014288889106865e-6
7.739626061307456e-6
7.449113001115506e-6
7.14332641431131e-6
7.15517049924302e-6
7.34788966324817e-6
7.526468814772134e-6
7.69064227549194e-6
7.840185969308525e-6
7.974914983636128e-6
8.09467805199159e-6
8.1993503071802e-6
8.288826272191883e-6
8.363015091127e-6
8.421839434729832e-6
8.465238509352762e-6
8.493174449136595e-6
8.505640409605502e-6
8.50266818533005e-6
8.48433326347757e-6
8.450755878180808e-6
8.402097647123331e-6
8.338554482273378e-6
8.263944112086502e-6
8.215244813957967e-6
8.150508338763327e-6
8.069851497465365e-6
7.973424928417658e-6
7.861410954839182e-6
7.734022060174909e-6
7.59150027829022e-6
7.434117553368089e-6
7.262176876054787e-6
7.076013803655904e-6
6.875997874555194e-6
6.662533442518619e-6
6.4360595834327675e-6
6.478514472691436e-6
6.786730103206512e-6
7.080210182046942e-6
7.3582624929120125e-6
7.620231095285399e-6
7.865528838229012e-6
8.093661691820123e-6
8.304239094263572e-6
8.496968219980397e-6
8.671634138463266e-6
8.828071180162539e-6
8.966132656426065e-6
9.085666055777112e-6
9.186499104363898e-6
9.268439195124481e-6
9.331285442998347e-6
9.374849816194615e-6
9.398982035756317e-6
9.40359254049033e-6
9.388668737914041e-6
9.354281657101705e-6
9.300582469985636e-6
9.227790565659449e-6
9.136176489759307e-6
9.02604378797302e-6
8.89771357652647e-6
8.751514655301657e-6
8.587780486721286e-6
8.406852773359603e-6
8.209090016640262e-6
