0.5461875077189482
0.5410758816329758
0.25020647584655314
0.3159908171473043
0.14698684919459598
0.15045271256131515
0.15329146159672033
0.14209503298585985
0.07509427715354079
0.1615646914749514
0.08622534088369241
0.0981660584622185
0.061816797120024414
0.07548294477584641
0.08337790998065131
0.08038081976225586
0.035501901642085255
0.03658247032440677
0.06397607975344563
0.06674035522915514
0.04032665434217734
0.0490336769641545
0.030891602780109554
0.04300168447365874
0.039871230583649664
0.02656643299510977
0.026281296259753645
0.030428532454428753
0.04379013366915446
0.024809644884042324
0.03234032845839687
0.02133805687219013
0.028509480522481694
0.022681838806232427
0.01682996266063177
0.011712118820719292
0.014153077999768737
0.020067749021341286
0.01674697369498595
0.02885916758754799
0.017402026579250367
0.024988931687343334
0.04067453603017139
0.02677157874877796
0.025025398101607615
0.010734451933047348
0.04095716886398819
0.008160150519628383
0.05414779423765093
0.012301398759635169
0.014865825796020788
0.015736800445497554
0.013462876350180515
0.013135205715620542
0.010577495831087856
0.015325115676212373
0.011425518549812892
0.006639097048385605
0.006856815414678515
0.008308713135610024
0.012224862672458925
0.002501634079178694
0.004821528567017452
0.0034643233793408
0.016346855954172373
0.007925306881255728
0.015586961793247605
0.0040350808341936065
0.006326090448779627
0.008653157162030703
0.009216299890396823
0.008495926622271274
0.00823882585632989
0.004194448169828485
0.005151227056147596
0.009509824087644048
0.00883280240090551
0.0044204413248801104
0.007116687210939938
0.006456932373283337
0.008207324140295501
0.009116159516961386
0.00467119165993873
0.005517925017434227
0.006537459120836397
0.004684378605669104
0.007805795343140493
0.0029954042423393137
0.005418825371229292
0.0028670316196717366
0.003627108812394353
0.002325873849533037
0.004074945376371352
0.0017918779698315776
0.003955705236488579
0.004194676240843758
0.0013254793251336226
0.0015273128793794682
0.0028014846316582603
0.003645467673796185
0.004255622688738928
0.0024888381703043055
0.0036068279383898185
0.0018558754340763416
0.004593442715811122
0.0008757641985519353
0.0029250718161131857
0.0026467994234510434
0.002064593791196688
0.0035642447115231124
0.002037379250395488
0.001647582354420633
0.0019944455648511702
0.0033870017602381096
0.004669667084713028
0.002362692111721076
0.0016671205744572624
0.002180225566252478
0.002179750055807302
0.0028909922834118693
0.0017052312643089148
0.0014387939739358693
0.001604979122212689
0.0010784736750184976
0.0011385351300702874
0.001356108279191033
0.0026048228728408826
0.000729888969959026
0.0009407732494711657
0.002351764640949449
0.0019224391670494261
0.0030472075420467926
0.0015826002032050639
0.000880924393604831
0.0009905974203216865
0.0008722111380113119
0.0009170852442773603
0.0008355829934506148
0.0013190361494843095
0.0008729515084478301
0.0007855315182788299
0.001002704456358252
0.0015226419776863704
0.0008209381483191697
0.0003263973969526712
0.0005347441632667302
0.001530100940162392
0.0008925611646159251
0.0003737297376013686
0.0006332016305732151
0.0018229937711322225
0.0008597342661134447
0.001069972421578167
0.0004190114176979053
0.0005584563959011267
0.0006674138880964908
0.00036692364236749764
0.00036740073491472666
0.0004295647164017369
0.0006665799778021349
0.0006136677995747972
0.0005560286742141487
0.0006277388071499711
0.0004579288666807026
0.0009682021945140398
0.00040141696334514924
0.00032894398363891023
0.000206464325008585
0.0005018882666482442
0.0002883828529602245
0.0002867810533596049
0.0002925083912352495
0.00048268494049952954
0.00029505240457435716
0.00019451808639045498
0.0002319081095715561
0.0006026490122717845
0.0005078139568111886
0.0003474603952762223
0.00024614380705812247
0.00034985426665046834
0.0006716945037291006
0.0004125382287082785
0.0002536252618977723
0.00025593485235996677
0.00028234164808066246
0.0004638752650987965
0.0003944531307509888
0.00021810518185271633
0.00025796123274864004
0.0005156537490077839
0.0003086728176033501
0.0003255433611886715
0.0003230018310411927
0.0002072509930065027
0.00022270134878029296
0.00022072474639292175
0.00029535151000013166
0.00038188124605789686
0.00021366296438425636
0.00011048786044071113
0.000261657293072301
0.0003343881730874104
0.00015635939970078198
0.0001892311502112995
0.00035315285647369055
0.0003531952385400833
0.000248140432879183
0.0002346838400285718
0.00024806953390797584
0.00046007735041161377
0.0002046129116498809
0.00025149915231995583
0.00025366848347157335
0.0001998490426150947
0.00032950749344153756
0.00021945077935697224
0.00033249609663079304
0.00021574282982808553
0.00030321147137841526
0.00029374490500886383
0.000292915872184119
0.0003118980164897857
0.00031836144949924715
0.00020610772218418265
0.00023215545573731372
0.0005687701853726963
0.00034918045178919464
8.266794459789147e-5
0.00024815593374971683
0.0003470681660594199
0.00032545739630155225
0.00036310760957607776
0.00022554805475767767
0.0003454485775859187
0.0005303308106009236
0.000458304767010628
0.0004996991036621486
0.00020917650171105282
3.401367545422907e-5
0.00017397134493888494
0.0001095899576788376
0.00012234752250861979
0.00036608441203468006
0.00021948070997072585
4.075981352639463e-5
0.00017955604739886607
0.00020924938147327127
0.00014830250589152288
0.00015919223063464477
0.0001401916256891557
4.8899262629611445e-5
0.00012801987222737626
0.0002709438892948653
0.00018228329954241273
0.00022007001383960486
0.00016007501043033206
0.0002459768630641568
0.00020423302975377942
0.0001365062349635365
0.00016771081356106984
0.000225304660712152
0.00018240469902352857
0.0001837346580755947
0.00021104324186593457
8.766426879260655e-5
0.00021984518029960782
0.00011371821077093803
0.0002678476633394827
7.099155003947328e-5
0.0001731309266756026
8.272751584388095e-5
0.00011817051128725747
0.0001003854263820953
0.00017588560285431137
0.00015852297409329674
0.00021248622173009962
0.00019779772452582488
9.931604487059802e-5
0.00011347511007742471
0.00016755381401522008
0.0001462103776112492
0.00012850225211430533
7.53550786952911e-5
0.00019740825955344036
0.00012683807932794132
0.0001993623213807194
0.00017544854848600664
0.00018668988441457565
0.00011173362188804523
0.0001027181370000862
0.00016635470702255808
0.00020148434253316777
9.989488632179905e-5
0.00010491231752888246
0.00017211582754380738
0.0002058795235252955
0.00014431052434392609
0.00015424497031880783
0.0002341092644355673
0.00023959501069044012
0.00027443830046077177
9.052107510897878e-5
0.0001755945855942868
0.00021560084140975503
0.00011771903141253523
0.00014837311595843595
0.0001124386259586363
5.19847431135726e-5
0.00010592569268567813
0.00013101173732410612
0.00010133862381067275
3.597896687605173e-5
6.278984854602065e-5
7.184122555604989e-5
6.504903759494211e-5
0.00010610287450355129
0.00011466334485604603
9.581404472457024e-5
0.0001480928460668654
0.00032007999872118417
0.0004599781498158226
0.00013106298636521432
0.00023027460991066623
0.000587398227103578
0.000783015570576491
0.00010475169900167424
9.962683662198074e-5
7.17791897109388e-5
3.3420548244032057e-5
5.8274976502114986e-5
0.00015457743833137053
8.577372020207163e-5
3.602720378066469e-5
9.963314442747582e-5
5.439412489422716e-5
6.813632878143861e-5
4.043725259998542e-5
3.45793818737404e-5
4.280739993041596e-5
2.7989477516105615e-5
5.483582857008368e-5
2.8103853471891926e-5
3.6547482968998075e-5
4.635346586716728e-5
3.9052389290514244e-5
4.550435656145574e-5
5.621435333439187e-5
6.680519807386797e-5
3.68397904346833e-5
4.012567053203117e-5
5.715648279144142e-5
4.9098187449955755e-5
2.1479823050788577e-5
4.193577047011121e-5
2.4132891756081798e-5
5.836910830190126e-5
3.202845935423165e-5
5.536489537003031e-5
4.337823438826244e-5
3.8938619232594535e-5
2.6384766169923468e-5
5.522188130676481e-5
3.301467545635192e-5
3.8745797380189406e-5
5.130941232209946e-5
2.1482308840380104e-5
2.2637447718298898e-5
4.117573849158132e-5
1.924553672472476e-5
5.5409868709960924e-5
4.693469408333095e-5
4.4911690800720355e-5
1.3658373570624549e-5
3.399311432704388e-5
1.4769128161295358e-5
2.460911848144523e-5
3.169494061697892e-5
3.085815294715834e-5
5.168040571448124e-5
1.9040226983660716e-5
1.2513989223302685e-5
