1.1170454883566696
1.0973126476737738
0.9667312654579693
0.7684417533845187
0.5478618347361099
0.34298784746385236
0.288988667987345
0.2476692238790998
0.21160596150690508
0.1797554576303136
0.17714229750577398
0.25740034871143475
0.31321102350574603
0.3368836384290209
0.3277775803004407
0.29046174590333745
0.23300613085151736
0.16491967613603736
0.15553654328369643
0.16150507024000418
0.1565860458495999
0.18236497858831593
0.2008426694128157
0.2109811898260476
0.21246122601716017
0.20563314764927698
0.19140605044288017
0.17110125014534427
0.1462925044243642
0.12700873411217722
0.13018039578136245
0.1316035948141654
0.13473496069963842
0.13779037546753944
0.14008908662287667
0.14091289582097924
0.13966136639318988
0.13593405029711744
0.12959322049419802
0.12076111259723
0.10976860724976392
0.10376596215075592
0.10227099884581152
0.09862407523204952
0.09888330741443155
0.09767147398316614
0.09525454751936185
0.09183169036583497
0.08754764308761964
0.08250403851760205
0.07675517179397204
0.07035960479958732
0.06443388822942453
0.06232547994079356
0.06288126152723773
0.06498142417674892
0.06695857244345584
0.06860702782405927
0.06976897862701557
0.07035223349539606
0.07033121997127373
0.06972481412933634
0.06859236734720248
0.06702386404383438
0.06512325613027055
0.06393557627183594
0.0665263431845226
0.0687369633747273
0.07045837376040265
0.07160551689452008
0.07212137927254672
0.07198557094427012
0.07122480508193658
0.0699069652592533
0.06812711775070494
0.06599029931945641
0.06359503664607742
0.06385013877470327
0.0652018147713358
0.06597470944319424
0.06616399682153884
0.06580306052675579
0.06494908887544212
0.06366771073359889
0.06202025845069038
0.06005580966653675
0.05780858792169018
0.056585076207321436
0.05711342862500329
0.05715653728227404
0.05676139011170435
0.05597005767078019
0.05481313132761105
0.05330784453247889
0.0514602759100163
0.04927032537492729
0.04673005324319838
0.043829859731817924
0.04059555620671004
0.03708312639363215
0.03347762550975485
0.031651939929132
0.029554645525726557
0.029035735433008872
0.03046646861504508
0.031666323421968304
0.03259289442024716
0.03320554040082231
0.033471045799288224
0.033368735148560924
0.032893676953627354
0.03205746781322136
0.030886676121430028
0.030184245639363498
0.0296506259693902
0.028732819133611347
0.027453550185808077
0.028945969651340685
0.03001970391454823
0.030636072262802173
0.03131376371270644
0.03197552759470165
0.03220774486945094
0.03201768151052251
0.03247324884897186
0.03324687371279551
0.03476034859984985
0.03649194504959571
0.03807942752515277
0.03952489138784221
0.04083069279810421
0.04199770304895689
0.043024337636030335
0.04390631731790806
0.0446369975057429
0.045208045141735084
0.0456102450719319
0.045834265482428506
0.04587128281510075
0.045713440136504926
0.045400782453128535
0.0449569315114939
0.04429283188976477
0.0432625675334529
0.04172739364775585
0.03960438802196261
0.036888838912335596
0.03365426240306381
0.03031884248599124
0.027623021382666643
0.02648325541113955
0.026062402223031092
0.025770168431929124
0.024397355333742647
0.022153063026049573
0.02067938946204652
0.0190610972879835
0.01698071340150215
0.0155982583850252
0.014412594948691803
0.015009291399622631
0.01655303733141953
0.01815572091953959
0.019662251467823032
0.020984883134119496
0.02206649747305333
0.023166522650283575
0.023939686428658166
0.024395060598827577
0.02456133558356504
0.025814851903562096
0.028212573614951934
0.03040760212392081
0.03234501434518592
0.03398122701044675
0.03522040134721766
0.036096656029330806
0.03666912112711775
0.03699631227173329
0.03712377309231141
0.03707793398329259
0.03686633791862332
0.03648254139028606
0.03591345088657947
0.03514685309963649
0.0341773920067952
0.033010005417256905
0.03166065284452899
0.03015478566749466
0.028521931426249265
0.02679535767271875
0.025013243924169606
0.02383900924626694
0.02350303376473245
0.023187887960893837
0.02284726089343874
0.022433663093844505
0.022144998707929166
0.021848506973468663
0.02132267853673457
0.020555053444832997
0.01955085147395031
0.018331859458138828
0.017833239528394253
0.01731023923576761
0.016872779351355408
0.017161533286901107
0.01730994750152425
0.017303308899353373
0.017135382339415348
0.01680899027905047
0.0163349169465956
0.015729581292040253
0.015012075226831402
0.014201237736411909
0.01386268018678954
0.013488927216681768
0.013000380198107227
0.012399976799801586
0.01168958487070439
0.010873311153615658
0.010332083168545846
0.010575065639521077
0.010848824446492319
0.01115036087063492
0.011470198704668947
0.01179402963896619
0.01210478775333889
0.012384866482269764
0.012618199185050437
0.012791959174752796
0.012897702331420804
0.01293186482883179
0.012895593988752244
0.012794038124550725
0.013151970203057643
0.013488352656684315
0.013782225249193635
0.014029018284259018
0.014222828166721886
0.014356852718740083
0.01442462642215075
0.014421674918159091
0.01434707887257065
0.014204477188514534
0.014002212515202046
0.013778657190001707
0.013672568616355376
0.013516336557329542
0.013318444173020312
0.013084313802945564
0.012908213663308955
0.012807655202116854
0.012706289823003907
0.012646602295711662
0.012567652585963353
0.012471936176071185
0.01236114027195365
0.01223512783114384
0.012091111687970252
0.011923490954818795
0.011724556739462611
0.011485907345148524
0.011200211676763962
0.010862864986005846
0.010473122742524285
0.010034646985756672
0.009554958595932524
0.009043619372154067
0.00851052577297699
0.007964541682723519
0.007412479825657663
0.007369352512280327
0.007726318097387193
0.00817963571090904
0.008592375333885502
0.008967349796314026
0.009306518821870184
0.009610043090799032
0.009876048093852308
0.010101055469607014
0.010280866524531182
0.010411602550071297
0.01049062101420532
0.010517094242166188
0.010492253922287736
0.010419336967726262
0.010302916888897062
0.010148106648375234
0.00995978976764462
0.01007594877061894
0.010190338538959162
0.010451553152713802
0.011119068342494905
0.011722995958752837
0.012258409163160138
0.012721326502383248
0.013108828420069402
0.013419095940630121
0.013651448250843547
0.013806421257379726
0.01388584791767913
0.013892885760121567
0.013831931381879709
0.013708356408576169
0.013528220824667328
0.01329791891207544
0.013023791112081665
0.012787564832067227
0.012826626048144878
0.01280205595809969
0.012707030502400948
0.012536640382252086
0.012289316101088167
0.011966846773504814
0.011574109834114714
0.011141321195738532
0.010691082627335226
0.010186156029872911
0.00963468444315247
0.009043932340054147
0.00842213648229177
0.008322913815386405
0.008240307547298625
0.008162679030576353
0.008077196297442246
0.007968413211358064
0.008049398506675276
0.008175844118652994
0.00825299402216017
0.008259998783466933
0.008176256839571048
0.00798648158016153
0.007683519534010745
0.00727101762434536
0.006763619318963713
0.006184392503120391
0.00569912235122792
0.005820794930063689
0.005907734938695471
0.005969971994851807
0.006016749966913768
0.006116849502988368
0.006573252036000763
0.006998075249735034
0.007389042488376661
0.007743575103547381
0.008059011864882677
0.008332853984111776
0.008563003637746687
0.00874795881859176
0.008886941500304798
0.008979951638135525
0.009027753188032301
0.009031807882957675
0.00899417699819436
0.008917410963001414
0.008804442574045807
0.008658493361245152
0.008482996116798062
0.008311725232690054
0.008400235545422914
0.008458098761664028
0.00848290101198964
0.008472389089936028
0.008424695652998502
0.008338524912514298
0.008213295678701412
0.00804923956802579
0.007847417515913335
0.007609676376665353
0.0075496922135290705
0.0074722941270315086
0.007357471936480001
0.007207938624587556
0.007027346745214687
0.006820608031239863
0.006592863086212342
0.006348305661233143
0.006089389962801776
0.00581661736603272
0.005528965465749728
0.0052248411393032755
0.0049044468608515305
0.004569821187083319
0.004224099160355953
0.004251566534987539
0.004282621145061
0.004176703585286493
0.004543305208831793
0.0046979895805409275
0.00465559727432669
0.004762059146987721
0.004958577847057693
0.005131624604849802
0.005283372749748746
0.005414722666214639
0.005525328492165027
0.005613883407898666
0.005678542867608619
0.005717580648831955
0.005730090574939468
0.005716322909251558
0.005677713689485681
0.005616616671878736
0.005633855838935611
0.005925597992856498
0.006194733772215305
0.006439757073543765
0.006659071596447571
0.006850902247879852
0.007013283882378348
0.007144142314277957
0.0072414576359391535
0.007376590020793772
0.00749654585359884
0.00754550645652967
0.007527644730295469
0.00744875963276799
0.007315835612514835
0.007136590657043912
0.006919029709781506
0.006671042356266241
0.006400052775930807
0.006112750573620589
0.005814857749248417
0.005511034499035368
0.005289907219636102
0.00510371497845371
0.005277923269858149
0.005417363997101426
0.005516545990529445
0.005571679859666418
0.005580601271666417
0.005542647596582903
0.005458509107070545
0.005330076331133178
0.0051602912129794535
0.005272192055597995
0.005224568463262737
0.004843326963047998
0.0041984019278586806
0.0038482452242922164
0.0035305999276705816
0.0033009524130725295
0.003274964467697522
0.00333577507521615
0.0033865709966066308
0.003428258441974818
0.003461441625514786
0.003486510972222405
0.003503750262841593
0.0035481977790746506
0.0035735172169150593
0.003568269951122322
0.0037394082059753458
0.003918185435622987
0.004082517893106572
0.004304290665013137
0.004513369845102996
0.004667271818471426
0.0047720901842515425
0.004836021654253883
0.0048679074787561704
0.004876057714325102
0.00490100896467268
0.0049424034676701116
0.004970037898425456
0.004983862011657703
0.004983885673493866
0.004970176746397412
0.0049428545051505525
0.0049020845104886844
0.004848078051489433
0.004785285587809744
0.004748056629746627
0.0046984051504048024
0.0046362933818068445
0.004561720697786073
0.004474733157694968
0.004375425802261584
0.004263938001949403
0.004140444181028064
0.004005143679918612
0.0038582538584815613
0.0037000107337890435
0.0036110447134389346
0.003541785318559148
0.0034641595525366233
0.0033784752154903176
0.0032850632346585933
0.003184338213724996
0.0030768130400250695
0.0031527936351381145
0.0032818444580533174
0.0034699474513069785
0.003633026682925128
0.0037632391445175007
0.0038523611978830918
0.0038944897401328336
0.003887874172315575
0.0038356005320053527
0.003745158292606464
0.0036271558011361027
0.00351584994647894
0.00348000769226039
0.003520879743615931
0.0036552824347387877
0.003773954697958663
0.0038769441499616024
0.003964049882882818
0.0040347556653032345
0.004088271468096825
0.004123659229985645
0.004140003827372096
0.004136586299796033
0.004113046061901137
0.004194814602205483
0.004360563953306322
0.004509842442768961
0.004641892613954566
0.004756020419995755
0.004851555426742676
0.004927825370474478
0.0049841503665817915
0.005019858582268233
0.005034321373950157
0.005027002843843511
0.004997515617620296
0.0049456730258282495
0.004871528212172186
0.004775393093036044
0.004657834085646746
0.0045196460591628304
0.004361810161961016
0.004283069097646363
0.004227091222079614
0.00415300290637515
0.004062690639291425
0.003957778794274397
0.0038395902785686477
0.0037091600331763605
0.0035672463035753914
0.0034143347069484267
0.0032507819514327515
0.0030769558255858294
0.0028933171228630763
0.0027505947772992357
0.0027844137549390916
0.0028445890808188896
0.0028949696176786255
0.0029352476249540817
0.0029652223690621606
0.0029848299353391365
0.002994147580497028
0.002993372705567534
0.0029827792517407112
0.0029626644683489693
0.0029333158626292082
0.0028949923721809916
0.00287791785271175
0.002923200457362814
0.0029577916032518816
0.0029818784384414944
0.0029959069123973773
0.00300051367391121
0.002996437456000046
0.0030673340629068465
0.003160096115963653
0.00324111651206477
0.0033105055397248855
0.0033683643250838427
0.0034147919604278257
0.00344989870582785
0.0034738214130163665
0.0034867371002283896
0.0035350476845986936
0.003638499735321552
0.0037281342244521827
0.0038034934475669577
0.0038642271539659134
0.0039101032111568575
0.0039410774507029666
0.0039572199832147515
0.00395866085419355
0.0039456150205394325
0.0039184319503163065
0.0038776399126912104
0.003823962541583257
0.0037584922238860043
0.003682680115292688
0.0035978709536241206
0.0035048462376634426
0.003403582349602789
0.0032933155744514814
0.0031728729103602045
0.0030411471627630063
0.0028975677425244263
0.0027424357939854786
0.0025770426183657656
0.002403554740185037
0.002227504721935753
0.0021976970782661333
0.002161259845828945
0.0021310930622242237
0.002130549840728491
0.0022224574833130282
0.002305660968691794
0.0023777877115513445
0.002437091379121252
0.0025021957046293336
0.0025735482530253426
0.002634470867554832
0.0026836067242918256
0.002719750651292029
0.0027419872208310986
0.0027497769171659163
0.0027429811339822084
0.00272183037376541
0.0026868504406011937
0.002638766930805124
0.0026519110901866926
0.0027209090447710407
0.0027815814438063072
0.002833078806045384
0.0028746777161973974
0.002905873478322495
0.0029264196107459655
0.0029363135788909416
0.002935739623769725
0.002924988381522628
0.0029043725756071857
0.0028741563325105084
0.0028345107994600157
0.0027855015168323683
0.0027994797506152194
0.002889393791165885
0.002967030078963698
0.003032344765912394
0.0030857109570217246
0.0031276758654383337
0.003158764237323913
0.003179390164437822
0.003189833123526385
0.0031902999489833955
0.003181019734262549
0.003162326575402077
0.003134694388559879
0.0030987123079413113
0.0030550098477265097
0.0030041539824851365
0.0029465461010833366
0.002882344380341868
0.002811426560899566
0.0027327832293433107
0.002645336355977514
0.0025497876545309633
0.0024464883741186667
0.002335336608445455
0.0022159653989139248
0.002087924393647125
0.0019758670684350017
0.002018541730766089
0.002057314523434869
0.002092374592306139
0.0021238836096146574
0.002151938724379075
0.0021765450953907103
0.0021976026908739846
0.0022149087433933094
0.002228173821336947
0.002237046868481434
0.0022411461613540138
0.002240090782462249
0.002233527293678355
0.0022636701993029797
0.0023008276718944395
0.0023293952629319815
0.002349700066874423
0.0023620939670030046
0.0023669172385776746
0.002364473824808715
0.0023550222755838986
0.0023387824819686175
0.002315955245253947
0.0023712299316509646
0.0024822605828076867
0.0025818805330127094
0.0026695816387459696
0.002745013416223197
0.002808036289226273
0.0028587408719602516
0.0028974316405154165
0.0029245819264766076
0.002940769951820507
0.0029466186211528065
0.0029427448856812312
0.002929727173211657
0.0029080928412408688
0.002878322689252349
0.0028408661871621673
0.0027961597828134225
0.00274464238050834
0.00268676129760241
0.002623214485445502
0.0025547474125830446
0.0024818380856742378
0.0024044701221869165
0.0023221092803218974
0.002233866566375672
0.002138784848704545
0.002036155484300347
0.0019257725225220864
0.0018080610392423812
0.0019172338970383372
0.0020304662502474923
0.0021399121138573223
0.0022441619484811944
0.0023415107905561013
0.0024301720761126947
0.0025085015981955944
0.0025751864306103557
0.002629365343527177
0.00267066655304494
0.0026991897999216648
0.0027153891947276788
0.002719900551757696
0.0027133729304720418
0.002696342814570424
0.002669171703847848
0.0026320486183522567
0.0025850432608904373
0.002528186510942884
0.002461553348310433
0.002385328016323867
0.002299839738489881
0.002205566737858448
0.002103114192207718
0.0020899472103360723
0.0021430327280771845
0.0021791665388609686
0.0021969671777189786
0.0021957815000732046
0.0022719435721809747
0.002354370692126294
0.0024276532225716327
0.0024915830655419025
0.0025458560541715396
0.0025900760778174306
0.002623788154362579
0.002646454061708288
0.002657551785860755
0.0026566640433867256
0.002643552164025454
0.0026181994954956045
0.0025808169661144737
0.0025318126945720032
0.0024717366911452005
0.0024012166172462384
0.0023209000709223104
0.002258448413066493
0.0022455733180090226
0.0022203598313296595
0.002183494419999526
0.002135867343928387
0.0020784917808832114
0.0020122165993173525
0.0019332986074192782
0.0018480346012368356
0.0017620325899712504
0.0017396897828319121
0.001799873771717181
0.001855691444491749
0.0019071910547091607
0.00195435505788742
0.0019970820919679323
0.0020351898803980125
0.0020684358160039888
0.0020965481578319334
0.0021192593917524483
0.0021363342473648623
0.002147586980324287
0.0021528859918256483
0.0021521495877533975
0.002145336160170887
0.0021324320022340203
0.0021134399081636284
0.0020883987929034517
0.0020573950218862064
0.002020557607193254
0.001978038850686566
0.00192998597515489
0.0018765129288875926
0.0018176818381298418
0.00175350075639471
0.001725665829694459
0.001772875168877145
0.0018151389483560367
0.0018524406428939502
0.001884735151081542
0.0019119678475040252
0.0019340974502480052
0.0019511173859034412
0.0019630708481314274
0.0019700556996194367
0.0019722179798116204
0.0019954456923725957
0.0020138111981540807
0.0020251417184841123
0.0020295195600712104
0.0020270489182254176
0.002017871239012175
0.00200218094640186
0.001980236722378083
0.0019523644550283941
0.001918950223693843
0.0018804124792075028
0.0018371721853204437
0.0017896322017879993
0.0017381630998239543
0.0016830945818006504
0.0016247100486605547
0.0015632464882513433
0.00149903631678541
0.0014731389827937127
0.0015685808586200748
0.001660047887162229
0.0017463702006262614
0.001826225470907513
0.0018983030608181561
0.0019614625299161407
0.0020148557252662566
0.0020579935492688454
0.0020907504471825416
0.002113312890342185
0.002126088862233643
0.0021296008966779694
0.00212438525262651
0.002110934346751004
0.0020896522885059878
0.002060826057264973
0.002024627277475018
0.001981145334851656
0.001930442797760149
0.0018726185275139656
0.0018078628017815792
0.0017364914523135544
0.0016589520819012128
0.0016529025763228381
0.0016777469457679721
0.0016885209577299789
0.0016846471458849676
0.0016661054722944923
0.001633374661775758
0.0016323572343386384
0.001724860477152669
0.0018109018128330328
0.0018901089781343027
0.0019621400020236055
0.0020266676977491226
0.0020833730767024117
0.0021319512340616286
0.002172122921282508
0.0022036457773369758
0.0022263208818549037
0.0022399935333289375
0.0022445511072902535
0.0022399209785882723
0.0022260712761644165
0.0022030158415870266
0.002170822963650729
0.002129625912776486
0.0020796325156791956
0.0020211312401680974
0.0019544912512075322
0.0018801566073130755
0.0017986356433383464
0.0017104873845625772
0.0016163071743860828
0.0015167135048931388
0.001412337436650738
0.001303815171230762
0.0012655062735633473
0.0013019975376092588
0.001335109731992105
0.001364716916692786
0.0013906539510976056
0.0014127421053037065
0.0014308184651266088
0.001444750356764273
0.0014544384968703766
0.0014598138082320337
0.0014608316284997914
0.0014574663944717302
0.0014497084846203147
0.0014375634713310686
0.0014210521198962677
0.0014002106913483618
0.0013887613604719245
0.0013831211738382439
0.0013736813912214258
0.0013603894748411623
0.0013432017471622284
0.0013220924946783796
0.0012970607598426836
0.0012681305061953926
0.001235352246393377
0.0012713032708526776
0.0013219252815670998
0.0013675710410552201
0.0014083023838315802
0.001444195276966077
0.0014753270442592692
0.0015017683448584817
0.0015235804768083587
0.0015408175064405448
0.0015535318210943153
0.0015617813630358294
0.0015656368397475111
0.001565187527775448
0.0015605450435623302
0.0015518466632660761
0.0015392572158496604
0.0015229684197862435
0.001503206417510102
0.0014802661632962444
0.0014545097143800231
0.0014263352440905108
0.0013961235515119407
0.001364177240757498
0.0013306707873960671
0.0012956266370856289
0.0012589249379502078
0.001290611184831137
0.0013212058441430957
0.0013424061122521741
0.0013548030634516674
0.00135926553989513
0.0013566904523507996
0.0013477999281219341
0.0013330225521039573
0.001312471312951899
0.001300012921802182
0.001307878199614964
0.0013095389566373358
0.0013054382355234717
0.001295949581855501
0.0012813451891271663
0.0012617952161983422
0.0012373924078972589
0.001208191898982879
0.0011742541886856823
0.0011356811148878901
0.0011362160388882952
0.0011816772398560958
0.0012197682159817858
0.0012484201871171808
0.0012659943919665316
0.0012713615741259039
0.0012639444233689939
0.0012437201919996226
0.0012111842783432605
0.0011672806417999495
0.0011132895233020837
0.0010445391731329077
0.0009676405286343344
0.0009711874877513656
0.001011126939743622
0.0010365382840389974
0.001105214109771727
0.0011700033033279797
0.0012302563078342007
0.0012855283027719574
0.001335575123650273
0.0013803129295441273
0.001419755924846043
0.0014539493111302391
0.0014829120767780128
0.0015066014916800255
0.0015249035495580928
0.0015376470627367408
0.0015446340385649542
0.0015456764409043846
0.001540629651616281
0.001529415401355882
0.0015120306953407083
0.0014885432131367966
0.001459076823290955
0.001423792672378806
0.001382871519430089
0.0013365017980212614
0.001284875794347648
0.0012281939589141155
0.0011666753169702654
0.0011005706375946073
0.0010301746549891493
0.0009558341567454006
0.0009140707718843321
0.0009329283691305605
0.0009492594032922549
0.0009633085280035163
0.0009752562768574281
0.0009851827184752938
0.000993067781546574
0.0009988033525710764
0.001002215642479056
0.0010030920170735654
0.001001207430711327
0.0009963472655434916
0.00098832509056587
0.0009769951669832094
0.0009622602388943652
0.0009440753870069007
0.0009224486004940272
0.0008974384952420824
0.0008691494659384465
0.0008377246026228703
0.0008196733824350485
0.0008001010100021779
0.0008118469311783015
0.0008587501260195573
0.0009013322308359491
0.0009395074434230467
0.0009732477463364165
0.001002572352093351
0.0010275331806598783
0.0010481998689352268
0.0010646474358860713
0.0010769487561808056
0.0010851742570535399
0.0010893981058459222
0.0010897082353347163
0.001094632539871535
0.0011045946739744236
0.00110464500253007
0.0010961584553427013
0.001077810904613724
0.0010468553537759922
0.0010005791817917645
0.0009724102249409807
0.0009469556615102034
0.000927212483254511
0.0009564663689221586
0.0009799658963456713
0.0009969508559362435
0.0010071301477052156
0.0010106357734147326
0.0010079027386830021
0.00099951330624727
0.000986045987193047
0.0009679619125372908
0.0009455472923521347
0.0009362692504677036
0.000925466575066942
0.0009099262278332701
0.0008900453409217657
0.000866214034550384
0.0008387783520908913
0.0008080227391314383
0.0007741709894051637
0.0007502893974586836
0.0007452156538300283
0.0007282563707823536
0.0007521570746618761
0.0007789572655833572
0.0008011118748433744
0.000816765551743081
0.0008244216297082399
0.0008228927856702157
0.0008114155457383095
0.0007876091597351907
0.0007511584360549416
0.0007466162360981508
0.0007478861951062902
0.0007394695111642094
0.0007198278362510927
0.0006889870108430709
0.0006485928154654737
0.0006015927018525767
0.0006413877837509587
0.0006822576134666639
0.0007092456790287736
0.0007214240215518106
0.000719441544185546
0.0007200705947541333
0.0007478570897121743
0.0007726688258595764
0.000794287505993104
0.0008126267688530718
0.0008277116881047376
0.0008396423868946474
0.0008485504977149409
0.0008545574603304008
0.0008577420732217203
0.0008581219039185966
0.0008556498863954152
0.000850224422855069
0.0008417091152885631
0.0008299571692505068
0.0008148355636763652
0.0007962450048689481
0.0007741332174070846
0.0007485008128363406
0.000719400468753774
0.000694923131253341
0.0006969136080928938
0.0006972660021683459
0.0006958407593762709
0.0006925193753821381
0.0006872074819907516
0.0006798341982157778
0.0006703487784402828
0.0006587066214218943
0.0006448635875390583
0.0006287929870808576
0.0006104918133457815
0.0006022971827133973
0.0005988923540387054
0.0005943777372626251
0.0005885886908287716
0.0005814091710828397
0.0005727886010903518
0.0005692719536289433
0.0005796725801599142
0.0005856061483554757
0.0005871765189791434
0.0005847991918029346
0.0005790518441530016
0.0005705331138862272
0.0005840243022244538
0.0006184616010895052
0.0006493327246888742
0.0006764459369000653
0.000699758629367717
0.0007198715501087471
0.0007375655259622308
0.0007534715745991258
0.000767816306602463
0.0007802941723466239
0.0007900916120369061
0.0007960458560533906
0.0007957762350969469
0.0007861786345756488
0.0007687073229189501
0.0007427794136658852
0.0007067733904821234
0.0006591441700091341
0.000618354542301537
0.0006471096477625493
0.0006741886340689003
0.0006995992098120594
0.0007232168435731615
0.0007447599408053425
0.0007638012606126256
0.0007798134507851477
0.000792238072472196
0.0008005625432447525
0.0008043888241577152
0.000803480962869617
0.0007977844442002953
0.0007874169454396378
0.0007726358932466802
0.0007537920101946702
0.0007312793166492083
0.0007054909652617529
0.0006767874771120186
0.0006454803282795747
0.0006118303090735693
0.0005783370031912748
0.0005642282253733658
0.0005404612318907455
0.0005601190303256468
0.000590580414745874
0.000616278684862363
0.000635265415445069
0.0006450624002980588
0.0006464700009800222
0.0006409973775205015
0.0006301660256118191
0.000615180432426332
0.0005967499071367692
0.0005750652539467676
0.0005498427806991562
0.0005205972094381175
0.00048687309440914757
0.0004486189089695635
0.00045420115136784263
0.00045811688151137155
0.0004594294604177933
0.00046933363559848145
0.0004878851429329271
0.000504410097145686
0.0005188317653279154
0.0005310121185409843
0.0005407549303769809
0.0005478305215661761
0.0005520131566044883
0.0005531208144903483
0.0005510482160789066
0.0005457868690687483
0.0005374295496247847
0.0005261601626158156
0.0005122326047835125
0.0004959437054069743
0.00047760547963813794
0.0004700640166561334
0.0004930678914006087
0.0005117720791280269
0.0005259393847087328
0.0005353924960368314
0.0005400367774414871
0.0005398758577198632
0.0005350176710161893
0.0005256707039429998
0.0005121319662429467
0.0004947693561522892
0.0004923619236321043
0.0004929303794667054
0.000492098346204816
0.0004897809281435841
0.0004859019767834328
0.00048039254445618907
0.000473190476849391
0.0004642408988262604
0.00045348691533467585
0.0004408838503692214
0.00042641293431457507
0.0004100853581962046
0.0004060227821452749
0.00041532417546063827
0.0004213388923781048
0.0004239598412751383
0.00042263980742259796
0.0004166970120928919
0.00040561567024878335
0.00042046647557061266
0.0004493738978087912
0.0004764159660396213
0.0005011163310494448
0.0005230850632962518
0.0005420481143694048
0.0005581526392548391
0.0005718285761513739
0.0005835202526080163
0.0005934826579249905
0.0006016483054748722
0.0006075958376987982
0.0006106207301517944
0.0006098822161180523
0.0006045845698955773
0.0005929437598136782
0.0005735593255024694
0.0005481939009395863
0.0005169114231768405
0.00047882727874291533
0.00043297392922100105
0.0003970664459824519
0.0004162723648429445
0.0004342784058249077
0.00045112235781772297
0.00046674585255405667
0.00048096834825841887
0.0004934899415277785
0.000503923885320067
0.0005118492446034763
0.00051686982708799
0.0005186737678838746
0.0005170782617227712
0.0005120508593590312
0.0005037048481710464
0.0004922722808532218
0.0004780626919228992
0.00046141757261341555
0.00044267012885015834
0.0004221456055789542
0.0004156793888585901
0.00040929667723223055
0.0003942981003801434
0.0003714443425343448
0.00036455938802366656
0.0003938440726181401
0.00041921114322528407
0.0004389196488853882
0.0004520027498998325
0.00045820309410537477
0.0004578111572353971
0.00045146059832050386
0.00043992873297551076
0.00042397660452053417
0.00040424648334366883
0.0003812190103737543
0.00035522041449600973
0.00032646356037836706
0.0002951049248741982
0.0002972518603113137
0.00031415253987564023
0.00033031005618191004
0.0003453807067375769
0.0003590425771339749
0.0003710051458378465
0.0003810157419457677
0.0003888646325980034
0.0003943896105827333
0.000397480057114672
0.00039807985021865863
0.0003961884610025325
0.0003918596624285315
0.0003851972103630322
0.0003763475096306477
0.00036549004858511596
0.00035282683411293577
0.0003533803832147135
0.00036895775064087807
0.0003811361376930163
0.0003898290711422225
0.00039499013047108273
0.00039661533138888195
0.00039474678406001116
0.0003894762485443824
0.00038094734603309077
0.00036935552588678825
0.00035494531705155
0.0003380048617085494
0.00031885811520181227
0.0002978553662843488
0.00027536286689635496
0.00027631594730692075
0.00027953808728336475
0.0002816325148600372
0.0002825038094181758
0.0002844072906598909
0.00029612367489013854
0.0003052543680583664
0.0003119140118229577
0.00031557029418472594
0.0003153826586756018
0.00031056953352499763
0.00030071330316508844
0.0002859429642857297
0.00026697171789874833
0.0002652885876567013
0.00028611031325617893
0.0003051715460755147
0.00032233706310513636
0.00033758023162702613
0.00035094588128305074
0.0003625047672123665
0.0003723111340218461
0.00038037263563282434
0.0003866378602346225
0.00039100211132114284
0.0003933280131810133
0.00039347476010925824
0.00039132880704337563
0.0003868294591796623
0.0003800099808516826
0.0003710320205764188
0.0003601125429012578
0.00034747325346300216
0.0003333004086006282
0.00031691372061863794
0.0003051601657928666
0.0002845598039659344
0.0002536148848755267
0.00022763598390625168
0.000202128767621339
0.00020814443561896766
0.00021362214843340715
0.00021794756244756895
0.0002205401857286805
0.00023739959707550602
0.00026116142380648187
0.00027009682464365626
0.00026545679125956976
0.00024895721857325407
0.00023344495610499305
0.00023172921301517485
0.00022828824121929307
0.00022314652834244653
0.00021643738975458656
0.00020861501316361668
0.0002038757397137097
0.00019939985137876518
0.0001952342253314383
0.00019100711949652664
0.00018611887062329612
0.0001993115770674898
0.0002241005987701608
0.0002447502574605748
0.00025966357545794143
0.0002682912819157651
0.0002709657703386508
0.0002686205837611477
0.00026247417646819526
0.00025374461718547095
0.0002434400092449059
0.00023224430021486674
0.00022049546502302738
0.00020823655170086884
0.0002049580459774182
0.00020497716263355166
0.00020353223106869334
0.00021255162991290822
0.0002220150975843689
0.00023023664947312912
0.00023703410358377871
0.00024231217564282695
0.0002460445195066362
0.00024825222253747285
0.0002489836571399241
0.0002482987444830455
0.00024625885221587996
0.00024292209091506724
0.00023834286346673055
0.00023257415361347742
0.00022567109308661767
0.000217694648458033
0.00020871465346250268
0.00020541248976329668
0.00021154764190671208
0.000216131031680196
0.00021909472160382517
0.0002203776300000637
0.00021993252206478005
0.00021773345294879627
0.0002137820797947399
0.0002081117198464506
0.00020078857355963206
0.0001919101652153715
0.00018160155823004003
0.00017001016389474636
0.00016153747471010516
0.00015753276146226216
0.00016696057198746327
0.00017550475353100793
0.00018307033571882985
0.0001895679901792843
0.00019491630866063302
0.00019818362075300623
0.00019990746593156355
0.00020017595945247374
0.0001985870516092271
0.00019451702596549964
0.0001874037330758137
0.00018494056027042467
0.0001902826183131484
0.0001953034803942065
0.00020001030336538154
0.00020436800584354217
0.0002082960598317146
0.0002116752423011423
0.00021436272448906762
0.00021621197760527243
0.0002170931142537941
0.0002171116208236179
0.00022016611691617183
0.00022228116680227485
0.00022340371472320928
0.00022345351599978332
0.00022234412719441862
0.00022000443655076818
0.00021639620922918036
0.00021152460920828022
0.000205440534854667
0.00019823541281724968
0.00019003047415378264
0.00018096327947857946
0.00017117432683322459
0.00016079607291274035
0.0001499458277748665
0.00013872298468509063
0.00013261852047448053
0.00013785221866646817
0.00014077113859743364
0.00014112633838207642
0.00013825559697673825
0.00013248377024584093
0.00012527435536613946
0.00011810412871696433
0.00013854753759191674
0.00016089220861475277
0.00017470163601213134
0.0001350073439142421
0.0001146999507762532
0.00011362439240688431
0.00011224832773443378
0.00011680345495827018
0.00013406506837378073
0.00014961542654738804
0.00016278576355027187
0.00017338541383209806
0.0001816180310100779
0.00018794281593110382
0.00019292084884364025
0.00019708010730756434
0.0002008210137513759
0.00020437101241723912
0.0002077848263300273
0.00021097875266817248
0.00021378345724661424
0.0002159999544645031
0.0002174467481751355
0.00021799102349324395
0.00021756189316336053
0.00021614790840663448
0.0002137836948836366
0.0002105315113692835
0.00020646299784416526
0.0002016448770814562
0.0001961304770187097
0.00018995716405595362
0.0001831484743115786
0.00017571905855802346
0.00016768049341153634
0.0001590464028086631
0.00015159225956171043
0.0001502267620340102
0.0001480758611504149
0.00014515050952482102
0.0001431489187524216
0.0001434054900871744
0.00014297632858374486
0.00014188700761652234
0.00014016422386652376
0.00013783157494447846
0.00013490740764551066
0.00013140480415162528
0.00012733334889893186
0.00012270203101962378
0.00011752252042857396
0.00011771155181887025
0.00012040767839878627
0.00012260501826195716
0.00012430074237310555
0.00012549257178753832
0.00012617976492816966
0.00012564036290710665
0.00012434752201404757
0.0001249325471214032
0.00012950955729497008
0.00013852904876823153
0.00014704359125540723
0.0001550768470434858
0.00016266476458989324
0.00016984024764174656
0.0001766167750725446
0.00018297585130336644
0.00018886186579794405
0.00019418577169367612
0.00019883664915608352
0.0002026983291563399
0.0002056672398375137
0.0002076676429931531
0.00020866132578714174
0.00020865028005146724
0.0002076725273322902
0.00020579264348674414
0.00020308942224966334
0.00019964336909323216
0.00019552637083419336
0.0001907996381155743
0.00018550002539075478
0.00017964883595929576
0.00017326342293924162
0.00016635873680661425
0.00015894797195670842
0.00015104199751997648
0.00014265109763504722
0.00013457958323356782
0.00013480360995150626
0.00013427579240719905
0.00013300461205673357
0.00013100801292748794
0.0001283116023838453
0.00012494636742660297
0.00012094656932818104
0.00011634839257250635
0.0001111896653275729
0.00010551063084892026
9.935543566244281e-5
0.00010102088251112042
0.00010412264669515408
0.00010674404359578072
0.00010886234536285575
0.00011046036800562066
0.00011152592043569099
0.00011205098103363417
0.00011203082974060688
0.00011146335893139844
0.00011034873055296893
0.00010891354629348646
0.00011119417075069698
0.00011298855937633671
0.0001193313972149129
0.00012663081258586302
0.00013349688365726372
0.0001399204509286425
0.00014589159228230435
0.00015139830413747515
0.00015642571151246404
0.00016095588657111156
0.00016496824984992952
0.00016844044342773952
0.00017134951186783049
0.00017367320854465757
0.0001753912587710713
0.00017648644864250255
0.00017694545875496988
0.0001767594138323086
0.00017592416366298756
0.00017444034168250395
0.00017231326281608576
0.00016955272291612362
0.0001661727517914775
0.00016219135393532577
0.0001576302534748392
0.00015251464604997396
0.00014687295047915465
0.00014073654737984835
0.00013413949027538653
0.00012711817670299865
0.00011971097181290926
0.00011195778401993238
0.00010389960013669074
9.557799489952478e-5
8.848339500426705e-5
8.982455206510504e-5
9.092960098767202e-5
9.176499900131723e-5
9.229891354345778e-5
9.276000882275351e-5
9.292720966566807e-5
9.270573151437693e-5
9.211902684704751e-5
9.11901746723031e-5
8.99405482089761e-5
8.839194204236035e-5
8.655820873218526e-5
8.530905159247884e-5
8.577826998683476e-5
8.600023154848322e-5
8.597361140457328e-5
8.569040584165203e-5
8.51376409682349e-5
8.430007265317196e-5
8.648089528243004e-5
9.175485590003347e-5
9.610789381549572e-5
0.00010302195068405419
0.00010954320641189893
0.00011557190931312272
0.00012102845433633909
0.00012586208030177876
0.0001300538199734157
0.00013361371128144003
0.00013657346304623094
0.00013897914498702546
0.00014088634317545795
0.00014232346501568237
0.0001433211945297813
0.00014390865932398537
0.00014410664382887107
0.00014392113783227503
0.00014334003494736295
0.000142334521062608
0.000140865117350022
0.0001388909517126325
0.00013637997878310535
0.00013331770669217465
0.00012971247289933247
0.00012559624027658867
0.00012102097666720974
0.00011605165483607388
0.00011075755073340747
0.00010520371897868379
9.944429372289657e-5
9.351870515841222e-5
8.74511798300146e-5
8.340652895254429e-5
8.257544857430047e-5
8.139611558357832e-5
7.989414273968562e-5
7.810540365291494e-5
7.607189942727952e-5
7.441570531606555e-5
7.418861324587586e-5
7.371099888753879e-5
7.29749001376608e-5
7.197276066698113e-5
7.289453048225666e-5
7.439028678644794e-5
7.584156844721537e-5
7.72175680423035e-5
7.846277749482936e-5
7.950956135633326e-5
8.029261893514742e-5
8.076165316252e-5
8.088945927711946e-5
8.06741048989577e-5
8.013544821678288e-5
8.215215747478177e-5
8.695303989280047e-5
9.14408340273119e-5
9.559900674012042e-5
9.941178790312485e-5
0.00010286424516138068
0.0001059424267433368
0.0001086335541013273
0.00011092623719347312
0.00011281068188801618
0.00011427886153158357
0.0001153246322979175
0.00011594378269764278
0.00011613401933666749
0.00011589490140073106
0.00011522774353483656
0.00011413550962495703
0.00011323776033312368
0.0001129409088432968
0.00011226710351329672
0.00011122644149512762
0.00010983099272555782
0.00010809455362547944
0.00010603236609592021
0.00010366081859205973
0.00010099714562618274
9.805914017690652e-5
9.486489047441174e-5
9.143254875965333e-5
8.77801363450269e-5
8.392538589974123e-5
7.988561853856405e-5
7.56776503637378e-5
7.186948241479018e-5
7.016999241118472e-5
6.9594465608022e-5
7.04328701968619e-5
7.109618729692229e-5
7.158037373530815e-5
7.1881657244762e-5
7.199663665456767e-5
7.192245461639385e-5
7.165664670716584e-5
7.119712307227633e-5
7.054238747448586e-5
6.96919405252153e-5
7.009417647865559e-5
7.16106187487168e-5
7.293717618270648e-5
7.406431017084787e-5
7.497752499699398e-5
7.565977481410925e-5
7.922094333047994e-5
8.376235602700161e-5
8.799526121305635e-5
9.19072548062808e-5
9.548705448642369e-5
9.872430586149893e-5
0.00010160933081374748
0.00010413298155075194
0.0001062866983057033
0.00010806279467375918
0.00010945490919039331
0.00011045849695428273
0.00011107121288759551
0.00011129306464061932
0.00011112627804880464
0.0001105748999181375
0.0001096442365189257
0.00010834027039530883
0.00010666920173896938
0.00010463722463473956
0.00010225058479587087
9.951589245142542e-5
9.644060138275163e-5
9.303352807557613e-5
9.1036485309502e-5
9.02860431927386e-5
8.929803437030529e-5
8.806243249282099e-5
8.656862585210124e-5
8.480944148092882e-5
8.278401077506126e-5
8.049907655311166e-5
7.796870792402791e-5
7.52127030096758e-5
7.225416783168971e-5
6.911683984784835e-5
6.582268311824095e-5
6.470935701202103e-5
6.553017529402739e-5
6.671398770571269e-5
6.765234235135408e-5
6.834344612564258e-5
6.878821730024162e-5
6.899003926735737e-5
6.895431522891494e-5
6.868792069475598e-5
6.819865314744978e-5
6.749476428727866e-5
6.658463262405789e-5
6.54765993442658e-5
6.417895591394102e-5
6.591565480515836e-5
7.082334856359096e-5
7.546913014873273e-5
7.983578191391155e-5
8.390702170706562e-5
8.766767287020193e-5
9.11038250730047e-5
9.420296812370439e-5
9.695408738902007e-5
9.934771714902399e-5
0.00010137595543245055
0.00010303244926236953
0.00010431236199552594
0.00010521233454324075
0.00010573045011319515
0.00010586620846806543
0.00010562051153730437
0.00010499565845535291
0.00010399534542601286
0.00010262466459730335
0.00010089009636328696
9.879949088564466e-5
9.636203664501024e-5
9.358821594683988e-5
9.048974903735729e-5
8.707952954049393e-5
8.337155421404816e-5
7.938084965383487e-5
7.572852457813308e-5
7.56119011389814e-5
7.525368590643498e-5
7.465662716837634e-5
7.382433150009585e-5
7.276122972076124e-5
7.147253044837099e-5
6.996416453584234e-5
6.824272448234535e-5
6.631540307273394e-5
6.418993497295976e-5
6.187454430733117e-5
5.9377900386745966e-5
5.670908275084371e-5
5.387755561323114e-5
5.157593151188414e-5
5.243838370809988e-5
5.394255697514064e-5
5.5090759050201155e-5
5.5890210473326696e-5
5.6365652630076405e-5
5.655087767261254e-5
5.648106994327377e-5
5.6187591869035576e-5
5.8228919939590534e-5
6.117189513780142e-5
6.50981163128079e-5
6.912929224729556e-5
7.290109203796105e-5
7.640193400182888e-5
7.962121896200948e-5
8.254935665216924e-5
8.51777918583819e-5
8.749902891575187e-5
8.950665270997002e-5
9.119534434342725e-5
9.256089008184535e-5
9.360018301029369e-5
9.43112177721655e-5
9.469307963317145e-5
9.474592969596572e-5
9.447098828166566e-5
9.387051825596801e-5
9.2947809497705e-5
9.170716493028558e-5
9.015388774486966e-5
8.82942688072879e-5
8.613557288737888e-5
8.368602231669458e-5
8.095477695773675e-5
7.795190987822418e-5
7.468837871072963e-5
7.11759931416054e-5
6.74273792376151e-5
6.345594136238885e-5
5.970477921438618e-5
5.886318251515403e-5
5.8459064098271033e-5
5.7870251021138595e-5
5.710168672340832e-5
5.6158786409695623e-5
5.504739873906892e-5
5.377376822767196e-5
5.2344498417256996e-5
5.0766515936952376e-5
4.904703571282054e-5
4.719352772592205e-5
4.695348242881878e-5
4.691044906830334e-5
4.726568684743072e-5
4.747784216394125e-5
4.754771733653263e-5
4.747657862270023e-5
4.7266150386783306e-5
4.691860348655873e-5
4.6436534614621053e-5
4.726393384608263e-5
5.0727201811243624e-5
5.4870651685115277e-5
5.8803482546643e-5
6.25121559133378e-5
6.598401750976821e-5
6.920734944653454e-5
7.21714175448234e-5
7.486651259103319e-5
7.728398454121498e-5
7.941626924263926e-5
8.125690794468051e-5
8.280056049012399e-5
8.404301339758708e-5
8.498118389963755e-5
8.561312057832657e-5
8.59380006811897e-5
8.595612369524596e-5
8.566890048496378e-5
8.507883736588891e-5
8.418951486286586e-5
8.300556147004327e-5
8.153262327993124e-5
7.977733070296103e-5
7.774726350904838e-5
7.545091509311895e-5
7.289765627432018e-5
7.232110934699552e-5
7.175211738709043e-5
7.094922799990918e-5
6.990647582119964e-5
6.861709385381756e-5
6.707538197821408e-5
6.52782952304142e-5
6.322648578225242e-5
6.0924689671265546e-5
5.838150012323594e-5
5.560868394805162e-5
5.262025917431339e-5
4.943155803868884e-5
4.605845882884999e-5
4.43784978522218e-5
4.524047672103406e-5
4.596582131164011e-5
4.6552512317879334e-5
4.699895757287221e-5
4.7303973747730836e-5
4.746677886750619e-5
4.7486996938156816e-5
4.7364672934499725e-5
4.710029414696542e-5
4.674829065409745e-5
4.781972560183208e-5
4.875786892737685e-5
4.955514963163839e-5
5.028822761478767e-5
5.379308686943289e-5
5.709679642947705e-5
6.018845846248299e-5
6.305794680884376e-5
6.569594856250502e-5
6.809400178641706e-5
7.024452729404189e-5
7.214085311229802e-5
7.377723127172254e-5
7.51488476700746e-5
7.625182665636711e-5
7.7083232446506e-5
7.764106941917848e-5
7.792428276473022e-5
7.793276005571555e-5
7.766733329858403e-5
7.712978017556402e-5
7.632282269866832e-5
7.52501214709601e-5
7.391626417457036e-5
7.232674767696297e-5
7.048795403142639e-5
6.840712138193701e-5
6.60923112245638e-5
6.355237354858822e-5
6.079691113434608e-5
5.7836243804749453e-5
5.520152231322039e-5
5.418956877770127e-5
5.303406993522106e-5
5.1744884417124495e-5
5.033202225857487e-5
4.8805437723456044e-5
4.717489922178264e-5
4.544993114426142e-5
4.3639816670128204e-5
4.175364472574219e-5
3.9800380575950655e-5
3.863404703842404e-5
3.749723467988789e-5
3.625039952767275e-5
3.714615382219199e-5
3.7968099820856265e-5
3.8668849051442905e-5
3.9247739929018026e-5
3.970452138237083e-5
4.003928912593768e-5
4.025243655372548e-5
4.1890901686316054e-5
4.35580428971456e-5
4.509960650785274e-5
4.651137287887654e-5
4.7789487371543906e-5
4.9582996270187144e-5
5.259015781291348e-5
5.540076197729673e-5
5.800561180028927e-5
6.039630127172509e-5
6.256523812467411e-5
6.450566330674974e-5
6.621166797654876e-5
6.767820860529802e-5
6.890112035676731e-5
6.987712846473608e-5
7.060385695253405e-5
7.107983384736276e-5
7.130449208085761e-5
7.127816551340702e-5
7.100207984304283e-5
7.047833859795904e-5
6.970990491624198e-5
6.870058022092997e-5
6.745498105091255e-5
6.597851512419998e-5
6.427735720510091e-5
6.235842467623105e-5
6.0229352087231856e-5
5.7898463582728595e-5
5.5374742138951505e-5
5.266779496261038e-5
4.9787815101016606e-5
4.674554006185719e-5
4.355220879264213e-5
4.124271005979298e-5
4.1917730939858857e-5
4.2435712411402626e-5
4.279906972835813e-5
4.300811415590349e-5
4.306075032015922e-5
4.2952907531727805e-5
4.2679480002485034e-5
4.223548545127262e-5
4.161715990383676e-5
4.082277342149303e-5
3.98530518763604e-5
3.871119593431299e-5
3.740257624863833e-5
3.59342380575336e-5
3.431436855142595e-5
3.255184696976645e-5
3.0656760233583957e-5
2.986645640463663e-5
3.206563564940958e-5
3.539598417464914e-5
3.858992526391771e-5
4.1636621749155517e-5
4.4525774866355756e-5
4.724766739260583e-5
4.979320286135246e-5
5.215393964836292e-5
5.432211958438193e-5
5.629069164958847e-5
5.8053331983279335e-5
5.9604461717336945e-5
6.093926395183543e-5
6.205370061206075e-5
6.294452914417909e-5
6.360931824786324e-5
6.404646132814553e-5
6.425518621827004e-5
6.423555998449099e-5
6.398848814345538e-5
6.351570826052731e-5
6.28197784911462e-5
6.190406203948292e-5
6.0772708672514606e-5
5.943063432814182e-5
5.7883499537415855e-5
5.61376869322489e-5
5.420027765066679e-5
5.2079026071916396e-5
4.9782332114966e-5
4.731921034439188e-5
4.4699255342091506e-5
4.1932603178948525e-5
3.9029889258715935e-5
3.600220321442594e-5
3.384694557198972e-5
3.272192717750272e-5
3.1507675215234495e-5
3.115523351562354e-5
3.15982404113835e-5
3.232233060718907e-5
3.295422338051905e-5
3.349177373291844e-5
3.393304043876057e-5
3.427628862781638e-5
3.452001111122456e-5
3.466296450843715e-5
3.4704214441157734e-5
3.46431831973249e-5
3.447969322270686e-5
3.421400048751521e-5
3.3846813127343365e-5
3.3379292694168944e-5
3.28130377028658e-5
3.2150051652400045e-5
3.447781572987851e-5
3.712359445644217e-5
3.9621487273963006e-5
4.196329824539643e-5
4.414143996503712e-5
4.614895897039612e-5
4.7979559306564925e-5
4.962762388879847e-5
5.108823328580492e-5
5.235718156740224e-5
5.343098891919893e-5
5.43069108178295e-5
5.4982943666419525e-5
5.5457826902609165e-5
5.5731041704733876e-5
5.5802806515210565e-5
5.567406967373324e-5
5.53464994867785e-5
5.482247204797014e-5
5.410505706698037e-5
5.319800188217256e-5
5.21057137276549e-5
5.0833240223632686e-5
4.938624797788028e-5
4.777099913094603e-5
4.599432566444885e-5
4.4063601267665446e-5
4.198671065025575e-5
3.977201643099986e-5
3.742832401778718e-5
3.567789777993438e-5
3.500067691066001e-5
3.425691494388955e-5
3.345056929600076e-5
3.258485514710723e-5
3.166211212347105e-5
3.068383422408154e-5
3.053297077073916e-5
3.0551432391577735e-5
3.0482104206505543e-5
3.0275221905433303e-5
2.995397049000476e-5
2.9542347566590762e-5
3.0058086231315717e-5
3.0696338788888e-5
3.125220552185794e-5
3.1724588071500794e-5
3.2112433314585405e-5
3.241477024618609e-5
3.263077479298898e-5
3.275984730071433e-5
3.2801685792041305e-5
3.275634082251136e-5
3.26242427841757e-5
3.270901838967981e-5
3.475614793759817e-5
3.666408769679102e-5
3.8426640504337354e-5
4.003815458050004e-5
4.149353943065923e-5
4.278828148572574e-5
4.3918459610082315e-5
4.488076020484603e-5
4.5672491324308e-5
4.629159507717823e-5
4.6736657577216224e-5
4.7006915828430145e-5
4.71022611193459e-5
4.702323871799934e-5
4.677104389626893e-5
4.634751452346579e-5
4.575512063288063e-5
4.4996951448282445e-5
4.4076700359126165e-5
4.2998648247809934e-5
4.176764542678461e-5
4.038909226743963e-5
3.88689184261573e-5
3.721356043837091e-5
3.542993740845974e-5
3.35254245172416e-5
3.150782409013163e-5
2.9633355182492995e-5
2.8857102002530813e-5
2.834701408085263e-5
2.837751512736041e-5
2.833337829877318e-5
2.8217578660144295e-5
2.8032892212210063e-5
2.7781960580078425e-5
2.7467410545629817e-5
2.709199080620197e-5
2.6785820978380708e-5
2.7295451226928196e-5
2.7738237514444084e-5
2.8112289155889585e-5
2.8415605572805526e-5
2.864626514921443e-5
2.8802624659755128e-5
2.888348847295896e-5
2.8888216404410256e-5
2.8816754550126248e-5
2.8669590734524888e-5
2.8447651443527757e-5
2.8152167250884363e-5
2.7784537194230265e-5
2.8479370810190448e-5
3.0177055467408057e-5
3.175074671221443e-5
3.3195379540162905e-5
3.45064053180475e-5
3.5679805492797796e-5
3.671210333259927e-5
3.7600373431859714e-5
3.834224877641584e-5
3.89359252614285e-5
3.938016367877209e-5
3.9674289288680284e-5
3.9818189170391954e-5
3.9812307571073595e-5
3.965763946085111e-5
3.935572244991775e-5
3.89086271566569e-5
3.831894604240161e-5
3.758978067047633e-5
3.672472731512961e-5
3.572786084131878e-5
3.460371680343206e-5
3.3357271754220336e-5
3.199392181446965e-5
3.051945961007927e-5
2.894004973003516e-5
2.765861468735909e-5
2.7149898959676156e-5
2.65413741023175e-5
2.583543784805674e-5
2.503487392097323e-5
2.414284650020828e-5
2.3162892621173197e-5
2.2098912405942823e-5
2.095515702341464e-5
2.076768112263504e-5
2.115318259041103e-5
2.1478175551066915e-5
2.1742064594440707e-5
2.1944413995206062e-5
2.2084950448508024e-5
2.2163566983920965e-5
2.218032624336924e-5
2.213546112418627e-5
2.202937141865273e-5
2.1862616328939814e-5
2.223441115717373e-5
2.282147467093292e-5
2.3351988823064256e-5
2.3824905429184896e-5
2.4239290434178422e-5
2.4594320716938753e-5
2.551438131957483e-5
2.692606077601334e-5
2.8231890219848166e-5
2.942772968188676e-5
3.050985663399175e-5
3.147497454515041e-5
3.232022084983061e-5
3.3043174361838704e-5
3.364186189777288e-5
3.411476371577575e-5
3.446081734785813e-5
3.4679419483078046e-5
3.477042569824912e-5
3.473414797103859e-5
3.457135003781973e-5
3.428324074400166e-5
3.3871465607548666e-5
3.3338096864449294e-5
3.268562231408372e-5
3.191693329924483e-5
3.103531215031997e-5
3.0044419350923434e-5
2.8948280557982324e-5
2.7751273424683298e-5
2.6458113982778284e-5
2.507384217198915e-5
2.3656741109020986e-5
2.313151253246343e-5
2.2524180190602256e-5
2.1837337744186515e-5
2.1073831098941583e-5
2.0236751802740885e-5
1.9454729948405343e-5
1.9110519303844655e-5
1.872183049040339e-5
1.8872561873234857e-5
1.9740297540676116e-5
2.0549878720475858e-5
2.1298432777205686e-5
2.1983261915118096e-5
2.260185267806605e-5
2.3151885957200343e-5
2.363124743644811e-5
2.4038038197042462e-5
2.4370585054817037e-5
2.4627450156607933e-5
2.480743941620459e-5
2.490960950840237e-5
2.4933273320281704e-5
2.487800393655458e-5
2.4743637365784137e-5
2.453027427136057e-5
2.423828095081118e-5
2.439990334857933e-5
2.558211537664539e-5
2.6667682942562786e-5
2.765312060624041e-5
2.8535328466713678e-5
2.9311602023855326e-5
2.9979640075670864e-5
3.053755058346338e-5
3.098385454292412e-5
3.1317487988507396e-5
3.1537802296908454e-5
3.1644562949086615e-5
3.1637946864079035e-5
3.151853836097993e-5
3.128732374426019e-5
3.094568448058602e-5
3.0495388932451212e-5
2.9938582647698206e-5
2.927777726263667e-5
2.8515838131698464e-5
2.7655970852920872e-5
2.6701706878605374e-5
2.565688839559203e-5
2.452565262239979e-5
2.3312415613890515e-5
2.2021855597771815e-5
2.065889581619274e-5
1.9261149464466707e-5
1.885647057938205e-5
1.8912221865692977e-5
1.8911231727003928e-5
1.8853042217491334e-5
1.8737381548128182e-5
1.8564165967400204e-5
1.8406021318887078e-5
1.8517778365104398e-5
1.858782210052906e-5
1.897409751132723e-5
1.9921789556618434e-5
2.0805440060626853e-5
2.1622159660357523e-5
2.2369281720187203e-5
2.3044371137094732e-5
2.3645232595522214e-5
2.416991826816116e-5
2.461673492531612e-5
2.4984250348465452e-5
2.527129888106596e-5
2.5476985921739955e-5
2.5600691202396794e-5
2.5642070791699433e-5
2.5601057899051135e-5
2.5477862674547594e-5
2.5272971258868174e-5
2.498714429455684e-5
2.4621414981815953e-5
2.4972858477908723e-5
2.5730073510638487e-5
2.639305522996379e-5
2.6959895790932992e-5
2.7429048378954652e-5
2.7799330517363352e-5
2.8069925238219758e-5
2.8240380430022114e-5
2.8310606734544142e-5
2.82808743843476e-5
2.8151809352929195e-5
2.7924389102050316e-5
2.7599938046266102e-5
2.7180122630223712e-5
2.666694566161428e-5
2.606273934097915e-5
2.5370156353163963e-5
2.4592158473683934e-5
2.3732002425053653e-5
2.2793223109073388e-5
2.177961478460837e-5
2.0695211106134094e-5
1.9544265104220705e-5
1.9930551764541514e-5
2.0363619377062776e-5
2.0737031690533974e-5
2.1049499094206967e-5
2.1299924653903467e-5
2.1487411538510612e-5
2.161126869273956e-5
2.167101420756993e-5
2.1666376224944623e-5
2.1597291623278613e-5
2.1463903087949807e-5
2.1266555371568388e-5
2.1005791565329193e-5
2.0682350026431098e-5
2.029716228998012e-5
1.9851351912588165e-5
1.969209947124753e-5
2.0407680417839862e-5
2.1056121661046488e-5
2.1635688301322902e-5
2.2144868856618922e-5
2.2582378918846033e-5
2.2947165423158813e-5
2.3238411097674325e-5
2.3455538500338455e-5
2.359821302676199e-5
2.3666344378818963e-5
2.3660086189916228e-5
2.3579833755523978e-5
2.3426220062595678e-5
2.320011049605667e-5
2.2902596695484545e-5
2.253678411027001e-5
2.3002337107094444e-5
2.3382548856228764e-5
2.367652545462671e-5
2.3883687754111347e-5
2.40037741849149e-5
2.4036842544699043e-5
2.3983270341744823e-5
2.384375337094979e-5
2.3619302341901717e-5
2.331123754313937e-5
2.2921181683770103e-5
2.2451051164436415e-5
2.190304609566272e-5
2.1279639379979348e-5
2.0583565129733262e-5
1.9817806606429276e-5
1.89855837723354e-5
1.809034045503299e-5
1.7135731056224476e-5
1.612560670509082e-5
1.6787753337603223e-5
1.7457128885348533e-5
1.8074132417046495e-5
1.863711230507665e-5
1.9144586530979718e-5
1.9595245726691217e-5
1.9987955650034974e-5
2.032175918319095e-5
2.0595877927006092e-5
2.0809713437589357e-5
2.0962848120105684e-5
2.1055045765067237e-5
2.1086251689278998e-5
2.1056592429316117e-5
2.0966374932459888e-5
2.0816085196690372e-5
2.0606386324656766e-5
2.0338115976568478e-5
2.0012283226829987e-5
1.963006484680848e-5
1.9192801051054694e-5
1.8701990750318797e-5
1.851909403209955e-5
1.8977626551916176e-5
1.937604136421137e-5
1.971351324500641e-5
1.9989406090206785e-5
2.0203273167953684e-5
2.0354856836500574e-5
2.044408776210174e-5
2.0471083670336262e-5
2.0436147656919175e-5
2.033976607211293e-5
2.018260598038387e-5
1.996551218347899e-5
1.968950378574719e-5
1.9519811217833102e-5
1.9514411901649653e-5
1.9433574590895915e-5
1.9278031495171147e-5
1.904880118963111e-5
1.874718393556067e-5
1.837475582462468e-5
1.7933361796605437e-5
1.7425107584835263e-5
1.6852350640782405e-5
1.6565157725618297e-5
1.6375606249493097e-5
1.6138220845534338e-5
1.5965274046048245e-5
1.5984763724095306e-5
1.595650015517639e-5
1.5880652273836052e-5
1.5757545635346928e-5
1.558766025521518e-5
1.5371627690234813e-5
1.5110227362735817e-5
1.4804382147625299e-5
1.445515327775013e-5
1.4853271105227463e-5
1.5407259667931786e-5
1.5913842929568364e-5
1.637185919184056e-5
1.6780300001846155e-5
1.7138312151207373e-5
1.7445199149375332e-5
1.7700422173163683e-5
1.7903600503199627e-5
1.8054511460841124e-5
1.815308985885674e-5
1.8199426981024715e-5
1.8193769098315484e-5
1.813651552882914e-5
1.8028216244442218e-5
1.7869569025597164e-5
1.766141616723194e-5
1.7404740741806592e-5
1.7100662429681037e-5
1.675043293253196e-5
1.6355430992157933e-5
1.6196173175921586e-5
1.6389620610020712e-5
1.6696398533633226e-5
1.695206946801283e-5
1.7156175192694295e-5
1.7308411226668807e-5
1.7408626774215763e-5
1.7456824229827494e-5
1.745315824877703e-5
1.7397934392324192e-5
1.7291607356235872e-5
1.7134778791314714e-5
1.714265983765836e-5
1.7362837550382694e-5
1.7537159631612845e-5
1.7665195597461067e-5
1.7746633480471315e-5
1.7781280695885048e-5
1.776906462957617e-5
1.7710033009905503e-5
1.760435415037888e-5
1.7452317121650786e-5
1.7254331853553868e-5
1.7010929084491522e-5
1.6722760007367204e-5
1.6390595428111077e-5
1.6015324280200625e-5
1.5597951421450548e-5
1.513959475342111e-5
1.5016212244155654e-5
1.4943009059886903e-5
1.482649730351366e-5
1.4667135876196982e-5
1.4465506033642846e-5
1.4222308352448149e-5
1.3938359716485239e-5
1.3614590403519577e-5
1.3252041256244123e-5
1.2851860823379615e-5
1.24153022985366e-5
1.2281038616292672e-5
1.2577654579859412e-5
1.2886982548385125e-5
1.3156714771758993e-5
1.3386486809964922e-5
1.3576058398224558e-5
1.3764663046358406e-5
1.4157437990476885e-5
1.4501046524008808e-5
1.4794411316491071e-5
1.5036638065910139e-5
1.5227018423534893e-5
1.536503207007257e-5
1.545034803404488e-5
1.54828253411856e-5
1.5462513057603233e-5
1.5389649749165134e-5
1.5295039256025946e-5
1.5195189426110829e-5
1.5034990777623763e-5
1.4815150970681966e-5
1.4656841980637103e-5
1.4827640778240587e-5
1.4953770124060698e-5
1.5035053875133536e-5
1.5071449656605883e-5
1.5063048941976643e-5
1.5010076683610715e-5
1.491289046834567e-5
1.512435465320966e-5
1.5491467990385137e-5
1.581576257828923e-5
1.6096460715443433e-5
1.6332910382752198e-5
1.652458655732627e-5
1.6671091834927267e-5
1.677215641086736e-5
1.682763753437022e-5
1.683751860282935e-5
1.6801908064279617e-5
1.67210382811807e-5
1.659526444503252e-5
1.642506355199145e-5
1.621103337043076e-5
1.5953891259672497e-5
1.5654472671976117e-5
1.53137291699702e-5
1.4932725837443948e-5
1.4512638035019388e-5
1.4066616334494677e-5
1.3941937310531385e-5
1.3897765120525713e-5
1.3821552304328069e-5
1.3713751609456313e-5
1.3574869363630939e-5
1.3405464076365803e-5
1.320614801252471e-5
1.3273882207861278e-5
1.378341212088241e-5
1.4241634595415882e-5
1.4646870657840398e-5
1.4997644310904179e-5
1.5292687562979406e-5
1.5530944613457453e-5
1.5711575157508703e-5
1.583395680017195e-5
1.5897686582785705e-5
1.5902581641248902e-5
1.5848679030252736e-5
1.5736234747430932e-5
1.5565721994712352e-5
1.5337828703694993e-5
1.5053454342684363e-5
1.4713706012737335e-5
1.4319893832868357e-5
1.3873525609013782e-5
1.337630078574005e-5
1.3174463981703164e-5
1.3001382034092095e-5
1.2799832255438682e-5
1.2724445227104391e-5
1.2814759075643684e-5
1.2866608923794795e-5
1.2880099474352904e-5
1.2855452026967397e-5
1.279300298470599e-5
1.2693202028648194e-5
1.3092629206103641e-5
1.3491047582181759e-5
1.38517685607532e-5
1.4173826702365623e-5
1.4456365414641151e-5
1.469863841747816e-5
1.4900011931998966e-5
1.5059967574389252e-5
1.5178105604856131e-5
1.5254147941239334e-5
1.5287940300574767e-5
1.5279452967435866e-5
1.5228779992370826e-5
1.5136136979411496e-5
1.5001857925232447e-5
1.4826391737884396e-5
1.4610299048406534e-5
1.4354249734745841e-5
1.4059021280737111e-5
1.3725497779009216e-5
1.3354668885833955e-5
1.3182659872412324e-5
1.3293139140947973e-5
1.3792858698034485e-5
1.4243276687363724e-5
1.4642879805967986e-5
1.4990342481201024e-5
1.528453098793377e-5
1.5524506838555614e-5
1.5709529464229257e-5
1.5839058207974474e-5
1.5912753642343952e-5
1.593047821524331e-5
1.5892296218262582e-5
1.5798473056807424e-5
1.5649473799121314e-5
1.5445960979397222e-5
1.5188791638275736e-5
1.4879013598869975e-5
1.4517860995173219e-5
1.4106749089361175e-5
1.364726842880838e-5
1.3402880552170033e-5
1.3752740927948874e-5
1.406922509693739e-5
1.4351094871600888e-5
1.4597229560591886e-5
1.4806602200816526e-5
1.4978266493464016e-5
1.5111357571711569e-5
1.5205106333988121e-5
1.525886415637483e-5
1.527213286392321e-5
1.5244594167221509e-5
1.5176133308287125e-5
1.5066853142064699e-5
1.4917076891532857e-5
1.4727339888425735e-5
1.4498372353038343e-5
1.423107639631131e-5
1.3926500825572266e-5
1.3585817055643637e-5
1.321228983662487e-5
1.3519450133866928e-5
1.379026001337196e-5
1.4024142844064793e-5
1.4220622798797962e-5
1.4379326604764527e-5
1.4499984932988888e-5
1.4582433192769989e-5
1.4626611583237204e-5
1.4632564356829369e-5
1.4600438360394209e-5
1.4530480996100886e-5
1.4423037794056302e-5
1.427854979872242e-5
1.409755093473346e-5
1.388066547207056e-5
1.3628605638570564e-5
1.3751583854815238e-5
1.401790004376104e-5
1.4234092539349118e-5
1.4399604088801234e-5
1.4514060231775353e-5
1.4577269859707811e-5
1.4589225084343063e-5
1.4550100425100244e-5
1.4460251334425577e-5
1.4320212083030535e-5
1.4130693030710265e-5
1.3892577307012953e-5
1.3606916920340343e-5
1.3274928317142834e-5
1.2897987401548032e-5
1.247762403071167e-5
1.20155159994567e-5
1.151348253047332e-5
1.097347728885611e-5
1.0397580946257459e-5
1.017020816495978e-5
1.0077891675052946e-5
1.0507837447963787e-5
1.091381933703053e-5
1.1295452732128617e-5
1.1652234840772554e-5
1.198350594845376e-5
1.2288450626480519e-5
1.2566141338698559e-5
1.2815616214553934e-5
1.3035974252012272e-5
1.3226467115500248e-5
1.3386567876384017e-5
1.3516002932694337e-5
1.3614742196913548e-5
1.3682952103248115e-5
1.3720923770043354e-5
1.3728993069283911e-5
1.370746970213359e-5
1.3656588954557442e-5
1.3576493774967074e-5
1.346724777964198e-5
1.332887340725486e-5
1.3161405013664604e-5
1.2964944931716932e-5
1.2739711450680682e-5
1.2486070741298458e-5
1.2532029616728522e-5
1.2742364840430718e-5
1.2919953282610269e-5
1.3064507655775812e-5
1.3175828217669848e-5
1.3253799550895796e-5
1.3298387911376913e-5
1.3309639893795751e-5
1.32876827076879e-5
1.323272580536364e-5
1.314506316003313e-5
1.3025075255802442e-5
1.2873229925897998e-5
1.2690081490134092e-5
1.2476268105541075e-5
1.2232507697111224e-5
1.200122810073236e-5
1.1765283547261828e-5
1.1487117506334267e-5
1.116792185588017e-5
1.08090331714894e-5
1.0411927436982351e-5
9.978214342634213e-6
