0.9483231291740233
0.6754855769411521
0.27898464043811894
0.21669809441518384
0.18295010058369726
0.23315800158776764
0.12370994614645277
0.11163625436077736
0.11660255633342634
0.14045431106128461
0.19532070468429896
0.09226379970793439
0.07828908459792466
0.06375121053649435
0.036647253406691664
0.029047370352437697
0.06690813598935805
0.061506689661230234
0.045854374490034384
0.0548707481713564
0.04264058290837079
0.036587758507301005
0.048516842647021906
0.04909055849040261
0.03391951877261083
0.06115082830129456
0.05537600882152137
0.06600000703659369
0.03241118064442291
0.03264479623801712
0.030424617300941224
0.035824632954820454
0.03245888309017669
0.029819550139722092
0.044504230044199844
0.03741040795849892
0.04472425416973047
0.022461349043825685
0.019588290083487846
0.02258299152191255
0.021311923732973005
0.019722567481088665
0.016668760363839873
0.01283448439101625
0.022890379600116004
0.010989492965209227
0.016602064544378885
0.00786388238985839
0.00937303554475016
0.01019971918399561
0.005102803918765646
0.008111620612616374
0.00584054418352088
0.004534264469816713
0.003570498787467076
0.004134144532886488
0.0038735985805321413
0.003906849326158198
0.005040438774458618
0.0043747253377260115
0.005354493551111953
0.003305032025580236
0.0047752863334716575
0.005461880095561668
0.00390688167691355
0.004128221899450423
0.004874451683714253
0.004471361939908876
0.0052235305281579875
0.004674215382953435
0.003718346948642395
0.005361954039493396
0.005929387720056402
0.004436672996131265
0.005710524044200396
0.0025246756605158548
0.0025861002262910094
0.004357327473515112
0.00375162834547547
0.0032022382564287147
0.004371316575112062
0.0029716654679808234
0.0019159229994505774
0.002136056899180646
0.0035502831861205656
0.0014731425856063666
0.0008358689119843971
0.0011161968569975119
0.0006467898425927777
0.0007004697714303766
0.0009703918065749859
0.00111407438732373
0.0008844614028617971
0.0009720506203621936
0.0007919960838176591
0.0011408324052707588
0.0007128789118583248
0.0006113381940165851
0.0006161835839052606
0.0006001935314202536
0.0007542418202606772
0.0010579689623761177
0.0008648501421042086
0.0010221564298321184
0.0007257050768827776
0.0006254438347548887
0.0011085218287350026
0.0010101731143471516
0.000861107154556984
0.001336494932859254
0.001112308716996054
0.000839078152960431
0.0006997277809388488
0.0006777807046840464
0.0005972285802066327
0.0007470611898561239
0.0005675727367478356
0.0004215010953033743
0.000714032602664365
0.0004977419249570397
0.000545797248962302
0.0006686897893470017
0.0004454830549160869
0.0006283326079182711
0.00035409287557834564
0.00034326354695806706
0.0005336207543153915
0.0005174778610826131
0.0007715664425267097
0.0003408220031431517
0.000571663153204303
0.0005686035719280399
0.0004988795215123103
0.000716793103002445
0.0003895665715734994
0.0004435022703518914
0.0006146613976252825
0.00032417165305242474
0.00045423601103416133
0.0005503488099015948
0.00030612686063432313
0.0005253447483851498
0.0003686580394883779
0.00021660163692806617
0.00040488103085305026
0.00028736213174652747
0.0004486563833379904
0.00038945288401206194
0.00021222657812521508
0.0002490904223933917
0.0003741605210643414
0.00042129532165882883
0.00031138170733157846
0.00023003173962475942
0.0004107412305287612
0.00038111889507332644
0.00034428345233382607
0.00039744397198616645
0.00023698401913694158
0.00029127294108454495
0.0002525987459887952
0.0002709601211751318
0.0002402917435782646
0.0002989051905274946
0.00028252858109541554
0.0002290912685997114
0.00035662530979445556
0.00026644838988012636
0.00023458489634580525
0.00035544660610655864
0.0001923766248582331
0.00018716991378621092
0.00022034313872314824
0.00023957203705537525
0.00016198435151346612
0.00018668282171468723
0.00020617709670843205
0.0002803727474992884
0.00021689881762359617
0.00015811080668154273
0.00022045431373522728
0.00018323793019316037
0.00020292291065358847
0.00022661256383600068
0.00022183510738172876
0.00015950684483249776
0.00019252762787759202
0.0001899742045992413
0.00020725239017462641
0.0002385109435168917
0.00020759522494189452
0.000237598534141024
0.0002273863396833942
0.00019296478829193046
0.000180770585287607
0.00016745577607865783
0.00021235620568677867
0.00019364025283067217
0.000172509915209204
0.00024387951843284235
0.00023131097263802216
0.00015737906775764517
0.0001647485179443494
0.00019127402180233472
0.0001810604907858327
0.0002605849438081051
0.0002874721747591782
0.0001804118109529016
0.00019685483268748588
0.0001318013268383941
9.102947141525262e-5
0.00011877079312035012
0.00022519623656603634
0.0002017389584462913
0.0002446501809867524
0.0001771795332529914
0.0002070168191849285
0.00010086732035946254
0.00022822425963678586
0.00016949751012325335
0.00016694310941337933
0.00028069288402195506
0.0003148354639297035
0.00015379354261144292
0.00019040665961940584
0.00021252348600225935
0.0001890360514132465
0.00016191461495280456
0.00014958888355020425
0.00011737491190098542
0.0001641396480634192
0.00014886434245963906
0.00016756478404693044
0.00018736332655983436
0.0001902136724619816
0.0001616160509394112
0.00021710182118114433
0.00016519489851325075
0.00022189525001918345
0.00021189193947349045
0.00023188359402068803
0.00040071728404300253
0.00021225986546789447
0.000314121534180762
0.00019497744396939894
0.0004300645304211031
0.00016443493433824718
0.00028312147605898596
0.000148735180718816
0.0005075676846098262
0.00015792842820596984
0.00017850985205927742
0.00017697664379745943
0.0003649608449777948
0.00029588981959845255
0.0002597271905412542
0.00025544173029388707
0.0002713488338472039
0.00023594944488142066
0.00017685432641587734
0.00018491793429452444
0.0001242519279670224
0.0001224725285688836
2.123479269143284e-5
6.2461714089446e-5
0.00010108588167387037
6.708224324590917e-5
5.060937384242112e-5
5.749018244891033e-5
5.014853313428478e-5
6.415182257391338e-5
4.251637841414298e-5
7.224359048192713e-5
0.00010211417504340518
6.458549783312122e-5
8.423670329406449e-5
8.216575094192963e-5
8.832058263686683e-5
0.00013645787449425312
0.00010452608773944946
0.00013373918124635824
7.961848281578065e-5
0.00016934952587873835
0.00024392158547062952
0.00015075165773455475
0.0002463966221560873
0.00011108659471370339
0.00027477405236455983
0.00013796422450217222
0.0002514766346238286
0.00013530130873697777
0.000286963022833861
7.555766325978857e-5
0.0002072216549145717
0.00010451746850309479
0.00017880110816280317
0.00023013167376051766
0.00015144645816306135
0.00021949135693292057
0.0001463716559417196
0.00021294293034194368
0.00015408825798561137
8.79058734744221e-5
0.00018099156076768796
0.0001098411748767265
0.00015301925715600193
4.1416965166714784e-5
6.76022418385469e-5
0.00015841983226891736
6.16180009217511e-5
0.00014662416751043373
3.480028356966573e-5
8.343664390522853e-5
0.00011300517336329783
0.00011009503512884277
7.990532106571052e-5
7.38270079655711e-5
0.00011567042867266514
9.088728313899413e-5
6.463219271223204e-5
0.00018576064379658889
3.778931359608783e-5
0.0001026940387298848
3.735835434242841e-5
5.9405569663745176e-5
0.00010963559890746341
4.8083972235241886e-5
4.9250055315295216e-5
0.0001276246896602775
3.8967390762313655e-5
7.001301625217792e-5
7.830379828539308e-5
5.092009457847077e-5
6.52905806191886e-5
2.0413168361291464e-5
6.297568172185048e-5
8.672439680049507e-5
2.9916362161623844e-5
4.141978731815542e-5
7.159552048088705e-5
4.0955889632901346e-5
2.5977809415613008e-5
6.952340813114324e-5
3.7887922685087e-5
6.292689750984201e-5
5.8966852351616944e-5
3.057340836920888e-5
7.375597875098212e-5
7.698623168000915e-5
3.584316107834256e-5
7.274633027311898e-5
9.303948114351376e-5
6.137403273083729e-5
3.472204065134676e-5
5.956777001445664e-5
6.29890872102907e-5
2.8757124729653214e-5
2.3051733984352735e-5
5.000662111902929e-5
4.933214070520901e-5
3.124829559699233e-5
3.40705954900359e-5
2.1000334104086582e-5
7.573939792556139e-5
8.094205172872174e-5
2.2861231316445162e-5
4.5830558749248306e-5
7.034982750893061e-5
4.1967330401995626e-5
5.2299452977563955e-5
3.659498627582256e-5
4.6182649307146406e-5
7.0565872303972e-5
4.56686919877332e-5
7.262177968750746e-5
4.226348243721722e-5
6.147117736090164e-5
5.322987746155088e-5
7.619701954461953e-5
7.422166705684703e-5
7.705291697883093e-5
3.906666855623245e-5
0.00010266012709284636
6.131234692764392e-5
8.148176642240892e-5
4.367861099209888e-5
5.985811396394427e-5
5.827021593456825e-5
4.027588548101468e-5
8.831471468536445e-5
5.262640155164992e-5
2.8274180912558623e-5
9.928533765082243e-5
0.00014576097829179408
2.276843261991428e-5
7.915295147686545e-6
